name	short	t0set	num	nMapped	nPastEnd	nGenic	fUsedStrainsSeen	fNGSeen	nUsed	gMed	gMedt0	gMean	cor12	mad12	mad12c	mad12c_t0	opcor	adjcor	gccor	maxFit	u
set11TCH489	Time0	7/19/2021 PcWPP14_set11	1	7641240	166243	4392698	0.998751023751024	0.998735484790197	4352253	786	526	1166.19855305466	-0.00797378617908068	0.130490004607492	0.842148262826633	0.851365385494344	0.0267539196641254	0.00761427452729141	0.0122613313238921	1.08209372341355	FALSE
set11TCH490	Time0	7/19/2021 PcWPP14_set11	2	5108710	110989	2933361	0.994335244335244	0.994407636959464	2905667	526	786	778.581725616292	-0.00797378617908068	0.130490004607492	0.851365385494344	0.842148262826633	0.0267539196641254	0.00761427452729141	-0.0122613313238921	0.759095837030408	FALSE
set11TCH491	LB	7/19/2021 PcWPP14_set11	3	4373232	132221	2491865	0.974883974883975	0.978147039965805	2462351	484	1307	659.793944265809	0.215132670545183	0.145801811711629	0.859670559200955	0.842160841030185	0.259249447958788	0.0699184205755063	0.0482257888138702	1.02813852032472	TRUE
set11TCH492	LB	7/19/2021 PcWPP14_set11	4	3816378	114374	2176324	0.967717717717718	0.972394386264871	2150605	420	1307	576.260718113612	0.241616622228186	0.149180440085035	0.847398526163569	0.842160841030185	0.181475519850999	0.0162595042680174	0.0512155699495566	0.88761735173184	TRUE
set11TCH493	LB	7/19/2021 PcWPP14_set11	5	2990289	88893	1708038	0.957282282282282	0.96199330341241	1687798	330.5	1307	452.25026795284	0.212435429681194	0.155775739003736	0.854021626042321	0.842160841030185	0.25236532317673	0.0776350560518951	0.0439746931639248	0.883584297092572	TRUE
set11TCH494	LB	7/19/2021 PcWPP14_set11	6	3822669	114326	2180193	0.968884793884794	0.973124599273349	2154808	424	1307	577.386923901393	0.207555932500579	0.14766546434196	0.86138693254349	0.842160841030185	0.240127828837252	0.093853413926891	0.0663174896939273	0.939619349104942	TRUE
set11TCH495	LB	7/19/2021 PcWPP14_set11	7	5538202	166904	3157650	0.974406224406224	0.978930683194415	3120610	618.5	1307	836.176312968918	0.204144824501448	0.144852864075169	0.852725447208075	0.842160841030185	0.225298953326904	0.025132786755149	0.0525860796920347	0.918570441810955	TRUE
set11TCH496	LB	7/19/2021 PcWPP14_set11	8	4636313	139839	2643668	0.976392301392301	0.981228182660113	2612479	517	1307	700.021168274384	0.247073301227861	0.139056669549699	0.851462239423333	0.842160841030185	0.248675117610337	0.0538768271826291	0.0519038178293647	0.73827910015436	TRUE
set11TCH503	M9+glycerol	7/19/2021 PcWPP14_set11	9	4634987	143808	2638479	0.967280917280917	0.976383842701432	2602861	509	1307	697.443997856377	0.29561091790634	0.152543415257979	0.862575183144321	0.842160841030185	0.311212989649111	0.0497078504254459	-0.0257208598527833	2.1011304871072	TRUE
set11TCH504	M9+glycerol	7/19/2021 PcWPP14_set11	10	2823164	85242	1606812	0.944812994812995	0.957932606682339	1585230	310.5	1307	424.766881028939	0.289793845560922	0.159579466025072	0.858892275416849	0.842160841030185	0.206064850068669	0.000582390580197785	-0.0216609540544357	1.28558355176137	TRUE
set11TCH505	M9+glycerol	7/19/2021 PcWPP14_set11	11	2987896	88491	1702967	0.946614796614797	0.958662819690817	1680140	330	1307	450.198285101822	0.255616082579696	0.160271766737422	0.849971731732052	0.842160841030185	0.250340619030553	0.0236807261236684	-0.0243543616172086	1.87316361197741	TRUE
set11TCH506	M9+glycerol	7/19/2021 PcWPP14_set11	12	2569213	75836	1463881	0.937285012285012	0.948564508085773	1443911	282.5	1307	386.900053590568	0.266085062605963	0.169619642123651	0.855923822326579	0.842160841030185	0.24840762476047	0.102805365091017	-0.0359325437802291	1.49664497174856	TRUE
set11TCH507	M9+glycerol	7/19/2021 PcWPP14_set11	13	5076264	151071	2890059	0.968864318864319	0.977274346370307	2851500	557.5	1307	764.067524115756	0.269361492857568	0.15088080779977	0.851199087146277	0.842160841030185	0.249590057605963	0.00214044312806703	-0.0354541970146292	1.98526981635289	TRUE
set11TCH508	M9+glycerol	7/19/2021 PcWPP14_set11	14	5313288	151971	3027815	0.967376467376467	0.975760490133219	2986678	586	1307	800.288853161843	0.253576459577779	0.154101901702813	0.857500852526811	0.842160841030185	0.24161485106957	0.0234751004383689	-0.0393605951763031	1.84874517571201	TRUE
set14TCH659	Time0	10/28/2021 PcWPP14_set14	15	2012727	43223	1157211	0.944430794430794	0.946908171261666	1146444	209.5	146	307.192926045016	0.0374375767761305	0.198249208149306	0.858980700599728	0.857688299842386	-0.0109841657808105	0.0379750150495013	-0.00668093171839526	1.62846727859142	FALSE
set14TCH660	Time0	10/28/2021 PcWPP14_set14	16	1421434	30830	817413	0.899276549276549	0.902917290019235	809715	146	209.5	216.965434083601	0.0374375767761305	0.198249208149306	0.857688299842386	0.858980700599728	-0.0109841657808105	0.0379750150495013	0.00668093171839528	1.55638967696886	FALSE
set14TCH661	Tuber-Atlantic	10/28/2021 PcWPP14_set14	17	2153283	72668	1185976	0.822850122850123	0.836841917788701	1157630	184	355	310.190246516613	0.236007811133575	0.345038518969788	1.04093232361193	0.854475608998305	0.195281878537697	0.0533549373795148	-0.0302794508606595	3.67915376017373	TRUE
set14TCH662	Tuber-Atlantic	10/28/2021 PcWPP14_set14	18	2237748	61272	1268664	0.820645645645646	0.833778585167771	1252657	223	355	335.653001071811	0.18893195741523	0.380466991306528	0.986296218521872	0.854475608998305	0.153269566233295	0.0155314425043347	0.0316249828252617	2.81848272835528	TRUE
set14TCH663	Tuber-Atlantic	10/28/2021 PcWPP14_set14	19	2253826	58450	1281823	0.78492355992356	0.798514639880316	1268399	189	355	339.871114683816	0.181212848262973	0.421466418161389	1.13750352374993	0.854475608998305	0.162901263371956	-0.00870720847997798	0.0241345689386145	2.50192917009058	TRUE
set14TCH664	Tuber-Atlantic	10/28/2021 PcWPP14_set14	20	2326896	62782	1351213	0.884916734916735	0.895989171475386	1336295	227	355	358.064040728832	0.26376698852705	0.251202151725548	0.887335965525845	0.854475608998305	0.21564991773373	-0.00243457346725426	-0.0107997725315642	4.40842324759965	TRUE
set15TCH702	Time0	1/24/2022 PcWPP14_set15	21	2934251	62768	1685677	0.970427245427245	0.974620645437059	1670369	304	385	447.58011789925	0.00722254281958426	0.155941050167629	0.845104004354262	0.843632714475779	0.0193262981567557	0.012260038114456	-0.0145312616925202	1.08617129984371	FALSE
set15TCH703	Time0	1/24/2022 PcWPP14_set15	22	3752534	79339	2154662	0.984084084084084	0.985930042031773	2135281	385	304	572.154608788853	0.00722254281958426	0.155941050167629	0.843632714475779	0.845104004354262	0.0193262981567557	0.012260038114456	0.0145312616925202	1.11799149728985	FALSE
set15TCH707	M9+sucrose	1/24/2022 PcWPP14_set15	23	2504116	75851	1423595	0.922891072891073	0.94124456792762	1406911	272	689	376.985798499464	0.345885235560082	0.172523291682839	0.874172328148349	0.839291423317382	0.283769653583935	0.0591471589148999	-0.0851730536806444	2.37847394880848	TRUE
set15TCH708	M9+sucrose	1/24/2022 PcWPP14_set15	24	2093632	62015	1191881	0.909363909363909	0.926497827171048	1177926	230	689	315.628617363344	0.316013568702497	0.182421335002106	0.851689418150389	0.839291423317382	0.27558129860658	0.0226463650518249	-0.0725139359669837	3.90262658475886	TRUE
set15TCH709	M9+sucrose	1/24/2022 PcWPP14_set15	25	1913343	56403	1089232	0.901945126945127	0.917574980408919	1076643	210	689	288.489549839228	0.325394983803221	0.184016011682052	0.874469117916141	0.839291423317382	0.306399481248454	0.0853851874089878	-0.0576989795549379	3.49091868007133	TRUE
set15TCH710	M9+starch	1/24/2022 PcWPP14_set15	26	4311202	133947	2448136	0.960257985257985	0.971183301275201	2418762	476	689	648.114147909968	0.268452476289304	0.161967276831872	0.864724740080657	0.839291423317382	0.292689879400144	0.0872402129440437	-0.057790175801179	1.15811707840011	TRUE
set15TCH711	M9+starch	1/24/2022 PcWPP14_set15	27	4385278	133406	2491987	0.960121485121485	0.970702429294009	2461982	483	689	659.695069667738	0.284258363086754	0.16048962029459	0.85778197525586	0.839291423317382	0.282591858082688	0.0647009255062138	-0.0577843944783036	0.888390113461344	TRUE
set15TCH712	M9+starch	1/24/2022 PcWPP14_set15	28	3668203	111621	2083196	0.951385476385476	0.962812566787775	2058656	404.5	689	551.622722400857	0.274904924307121	0.160144275022526	0.855914182579053	0.839291423317382	0.268884840157476	0.0855405865135772	-0.0570327265194633	1.7470140450133	TRUE
set15TCH713	M9+polygalacturonate	1/24/2022 PcWPP14_set15	29	4509993	136074	2558767	0.951208026208026	0.969063902543278	2529760	491.5	689	677.856377277599	0.361529330349544	0.158780558495814	0.877087442099215	0.839291423317382	0.335040082366065	0.0700738101303083	-0.0734457250910986	1.29668098181208	TRUE
set15TCH714	M9+polygalacturonate	1/24/2022 PcWPP14_set15	30	3260820	97627	1851939	0.93519656019656	0.955367956115979	1830852	360	689	490.581993569132	0.363032375906482	0.170806079901263	0.877124399541442	0.839291423317382	0.329162648382904	0.0980161452214257	-0.0753745679752364	1.10046880386537	TRUE
set15TCH715	M9+polygalacturonate	1/24/2022 PcWPP14_set15	31	3359682	100896	1909907	0.938861588861589	0.958698439837572	1888114	366	689	505.925509110397	0.353696794672539	0.162787153550985	0.85758719761786	0.839291423317382	0.301502292381537	0.0783494265018463	-0.0663543958289598	1.27541065842513	TRUE
set18TCH871	Time0	11/21/2024 PcWPP14_set18	32	3341722	73273	1922053	0.967656292656293	0.970577758780366	1906882	330.5	236.5	510.954448017149	0.0355580491267626	0.18108780871532	0.861988306084319	0.868685929196225	0.0383726541000594	-0.0118013175005354	0.0263252756192019	2.01781132443045	FALSE
set18TCH872	Time0	11/21/2024 PcWPP14_set18	33	2397133	54069	1378310	0.937817362817363	0.941351428367885	1367301	236.5	330.5	366.372186495177	0.0355580491267626	0.18108780871532	0.868685929196225	0.861988306084319	0.0383726541000594	-0.0118013175005354	-0.0263252756192019	1.42155601194643	FALSE
set18TCH873	LB	11/21/2024 PcWPP14_set18	34	3249013	97304	1854022	0.937305487305487	0.9446641020161	1835797	350	566	491.907020364416	0.231274962770992	0.176854663530371	0.878032846680374	0.864309125726343	0.244376509663577	0.0293014838148533	0.114045339300575	1.18840621029385	TRUE
set18TCH874	LB	11/21/2024 PcWPP14_set18	35	2934534	89500	1674881	0.930473655473655	0.93932108000285	1658671	312	566	444.445605573419	0.263744007323634	0.176867172016394	0.863646808248413	0.864309125726343	0.261481074387516	0.0636239166015536	0.127881519836279	1.16051530967755	TRUE
set18TCH875	LB	11/21/2024 PcWPP14_set18	36	2799821	84159	1596499	0.9245631995632	0.931431217496616	1580734	299	566	423.56216505895	0.272273065651667	0.185945713490612	0.872967394734205	0.864309125726343	0.268742981428984	0.0747452844236834	0.12993410243226	1.26592920953566	TRUE
set18TCH876	M9+glucose	11/21/2024 PcWPP14_set18	37	3215245	104681	1834067	0.926549276549277	0.940407494478877	1813031	343	566	485.806806002144	0.296802023491408	0.176586274504466	0.887691882942454	0.864309125726343	0.255827922689571	0.0789004363768364	-0.0486113830873993	1.22443353538105	TRUE
set18TCH877	M9+glucose	11/21/2024 PcWPP14_set18	38	3213126	103901	1836521	0.925743925743926	0.940496544845765	1815327	342	566	486.422025723473	0.276621857580259	0.177434398519959	0.878873417745842	0.864309125726343	0.249368127736962	0.102066484386843	-0.0630928620089213	1.21513045080056	TRUE
set18TCH878	M9+glucose	11/21/2024 PcWPP14_set18	39	3335574	106930	1904738	0.929545454545455	0.943951699081	1883497	353	566	504.688370846731	0.255183329607747	0.176487201601506	0.864818679356191	0.864309125726343	0.24867268693927	0.0738822151182251	-0.0620326119488654	1.37596657599604	TRUE
set18TCH879	M9+polygalacturonate	11/21/2024 PcWPP14_set18	40	2917150	96091	1659283	0.911950586950587	0.931057205955689	1642128	305	566	440.012861736334	0.319494995067871	0.185687583520436	0.89408841018687	0.864309125726343	0.324429676582483	0.0356474149250276	-0.0712712714117661	1.2582392646669	TRUE
set18TCH880	M9+polygalacturonate	11/21/2024 PcWPP14_set18	41	3542685	116158	2018607	0.924870324870325	0.942687183871198	1997636	373	566	535.272240085745	0.342014248976001	0.186124801138549	0.895597108996284	0.864309125726343	0.304539935006156	0.0123148218423905	-0.0719633229678666	1.26397485331503	TRUE
set18TCH881	M9+polygalacturonate	11/21/2024 PcWPP14_set18	42	3429980	112687	1951765	0.921812721812722	0.94266937379782	1931556	360	566	517.565916398714	0.352637689832782	0.172006491419136	0.880765679306475	0.864309125726343	0.279669845121109	0.0245869334109041	-0.0735455320549044	1.25720385781261	TRUE
set18TCH882	M9+fructose	11/21/2024 PcWPP14_set18	43	3030564	96872	1729712	0.92482254982255	0.938270285673577	1711398	323	566	458.573954983923	0.264856303941045	0.184764397257232	0.875219037435231	0.864309125726343	0.246716336286004	0.0888079245145481	-0.0461054731013063	1.34117495953103	TRUE
set18TCH883	M9+fructose	11/21/2024 PcWPP14_set18	44	3426420	108739	1953558	0.92975702975703	0.94516278407067	1932372	365	566	517.784565916399	0.322698573871931	0.176802584084409	0.892354317519348	0.864309125726343	0.212528217541854	0.0228325687367402	-0.0425680519339326	1.54176187069641	TRUE
set18TCH884	M9+fructose	11/21/2024 PcWPP14_set18	45	3013259	96230	1719198	0.924044499044499	0.938020944646292	1701405	323	566	455.896302250804	0.2505166244401	0.183082853040284	0.880115026009567	0.864309125726343	0.238786835537429	0.0574571519546776	-0.0405000041550643	1.27290772687178	TRUE
set18TCH885	M9+cellobiose	11/21/2024 PcWPP14_set18	46	2658800	83596	1522055	0.902218127218127	0.914832229108784	1504978	281	566	403.263129689175	0.275617712584738	0.201414539543091	0.893084796083488	0.864309125726343	0.29206341336102	0.0294565400296916	-0.0387572394526448	1.81073871578502	TRUE
set18TCH886	M9+cellobiose	11/21/2024 PcWPP14_set18	47	3107703	99112	1778635	0.918140868140868	0.930273562727078	1759012	329	566	471.332261521972	0.297232947605757	0.1892692269426	0.88424949312029	0.864309125726343	0.239528126046977	0.0477534024749455	-0.0548417601847247	2.3606232479317	TRUE
set18TCH887	M9+cellobiose	11/21/2024 PcWPP14_set18	48	2809576	88193	1605268	0.916059241059241	0.927726722234096	1587622	296.5	566	425.407824222937	0.27596410531876	0.191907610724549	0.908087913162343	0.864309125726343	0.241763213068198	-0.00362149391795177	-0.0354888395021838	2.25997855356485	TRUE
set18TCH888	M9+galactose	11/21/2024 PcWPP14_set18	49	3840434	133608	2182581	0.931538356538357	0.947745244710408	2158682	406	566	578.424973204716	0.310690914496183	0.182522561187646	0.876558725866244	0.864309125726343	0.258746968454457	0.0635010919118975	-0.0555900812700153	1.63245885848457	TRUE
set18TCH889	M9+galactose	11/21/2024 PcWPP14_set18	50	4525886	155082	2573080	0.940356265356265	0.955261095675714	2545331	475	566	682.028670953912	0.304902140737514	0.173566107814956	0.89110044166781	0.864309125726343	0.288009129624436	0.0341334784538256	-0.0406819965913346	1.24858439018825	TRUE
set18TCH890	M9+galactose	11/21/2024 PcWPP14_set18	51	2564359	89050	1459840	0.896587496587497	0.911555175607323	1444529	271	566	387.065648445874	0.281264330201595	0.20074300679977	0.879814657145269	0.864309125726343	0.204186324375376	0.0390979305780318	-0.0465604338711591	1.66102419032744	TRUE
set18TCH891	M9+xylose	11/21/2024 PcWPP14_set18	52	2981646	96632	1698475	0.910606060606061	0.926444396950915	1679671	316	566	450.072615219721	0.25256166699821	0.195121193154915	0.886358811421607	0.864309125726343	0.26836932142665	0.0427788724315247	-0.0227051963157888	1.50236999139286	TRUE
set18TCH892	M9+xylose	11/21/2024 PcWPP14_set18	53	2571064	84817	1462630	0.898921648921649	0.915900833511434	1446480	276	566	387.588424437299	0.267319709943331	0.190126407706358	0.898453575821457	0.864309125726343	0.239856226815704	0.0844260964396454	-0.0099941731278961	1.70554662555345	TRUE
set18TCH893	M9+xylose	11/21/2024 PcWPP14_set18	54	2487494	81573	1418387	0.893256893256893	0.907530099024008	1402614	265	566	375.834405144695	0.2376156208609	0.200653882405072	0.895054918994942	0.864309125726343	0.255382188433295	0.0730756959528655	-0.0154717222091802	1.65011302939326	TRUE
set18TCH894	M9+mannose	11/21/2024 PcWPP14_set18	55	2229374	74126	1271256	0.870318045318045	0.882435705635107	1257136	235	566	336.853161843516	0.228161094669052	0.218112221742555	0.891197384600225	0.864309125726343	0.225375482319438	0.0599151661144534	-0.0182079568324585	2.61933451836065	TRUE
set18TCH895	M9+mannose	11/21/2024 PcWPP14_set18	56	3213771	107097	1827850	0.917731367731368	0.931377787276484	1808077	339	566	484.479367631297	0.248890713270577	0.194831116795199	0.880550990648247	0.864309125726343	0.242312928634633	0.0325305282737907	-0.0373011010872476	1.61563578656451	TRUE
set18TCH896	M9+mannose	11/21/2024 PcWPP14_set18	57	2835537	92447	1617375	0.916960141960142	0.929294008691316	1599511	300	566	428.593515541265	0.228819543830034	0.191338142120447	0.878690898328741	0.864309125726343	0.226403014088642	0.0512405949967249	-0.0354639885928408	2.0338119393653	TRUE
set18TCH897	M9+glycerol	11/21/2024 PcWPP14_set18	58	2967910	90391	1697488	0.914728364728365	0.931573698083636	1680315	308	566	450.245176848875	0.258005420215373	0.187350991537399	0.889633639892605	0.864309125726343	0.262069030548545	0.0644558814413989	-0.0505011009893892	1.38037715903125	TRUE
set18TCH899	M9+glycerol	11/21/2024 PcWPP14_set18	59	1962748	57481	1123054	0.878562653562654	0.892106575479091	1111935	205	566	297.9461414791	0.241466358541637	0.211223683056272	0.871467091350154	0.864309125726343	0.279274096266394	0.0308853681131933	-0.0504807475936396	1.80065476710801	TRUE
set19TCH950	Time0	4/2/2025 PcWPP14_set19	60	2303555	52890	1320646	0.940854490854491	0.945750516492128	1309549	234	184	350.897374062165	-0.00624763537574564	0.182803098772566	0.888497445622902	0.892022539564847	-0.0132762307578	0.0124308089362906	-0.0300622466014773	2.00108337872638	FALSE
set19TCH951	Time0	4/2/2025 PcWPP14_set19	61	1807915	41239	1037104	0.913711438711439	0.91914226686614	1028307	184	234	275.537781350482	-0.00624763537574564	0.182803098772566	0.892022539564847	0.888497445622902	-0.0132762307578	0.0124308089362906	0.0300622466014774	1.6244773634305	FALSE
set19TCH952	LB	4/2/2025 PcWPP14_set19	62	1928671	59533	1099060	0.905077805077805	0.914725368668519	1087798	210	417	291.478563772776	0.24573831977425	0.191684370372301	0.906337626995434	0.889797448584821	0.249875932458598	0.0783964362144722	0.0595780760562496	1.05529740599532	TRUE
set19TCH953	LB	4/2/2025 PcWPP14_set19	63	2318058	71436	1322257	0.922263172263172	0.931075016029066	1308646	252	417	350.655412647374	0.237790719510812	0.182816336931993	0.892778165889521	0.889797448584821	0.27378318050589	0.073483221062656	0.0533942154724055	1.21164290035186	TRUE
set19TCH954	LB at 36C	4/2/2025 PcWPP14_set19	64	1742301	53599	989989	0.887223587223587	0.899230604830092	980074	189	417	262.613612004287	0.269539505814405	0.199497020652653	0.886343218204433	0.889797448584821	0.253217833036911	0.0537481199396212	0.0988625604010868	1.59700427145059	TRUE
set19TCH955	LB at 36C	4/2/2025 PcWPP14_set19	65	1732809	53044	987981	0.88995358995359	0.898571632115124	978050	189	417	262.07127545552	0.267509220459885	0.206967084044558	0.896823508327195	0.889797448584821	0.29366134707376	0.123319428658249	0.0993888338968378	1.50598671117112	TRUE
set19TCH956	LB at 36C	4/2/2025 PcWPP14_set19	66	1838485	56868	1045495	0.89491536991537	0.90487639809076	1034774	199	417	277.270632368703	0.283889326063411	0.194721632660125	0.89777532617012	0.889797448584821	0.298883433971175	0.0889317102174157	0.090038172734127	1.57916485443994	TRUE
set19TCH957	Tuber-Atlantic	4/2/2025 PcWPP14_set19	67	2077697	67446	1178890	0.826678951678952	0.841383486499964	1166892	202	417	312.672025723473	0.216023068215143	0.319808491562453	1	0.889797448584821	0.180700939999859	-0.0110924504648931	0.0189129103274637	3.3138801740434	TRUE
set19TCH958	Tuber-Atlantic	4/2/2025 PcWPP14_set19	68	1867548	59612	1064970	0.758722358722359	0.770713115338035	1051892	180	417	281.85744908896	0.195642147645717	0.399590349913847	1.05023731126027	0.889797448584821	0.176906267353778	0.000131617016646222	0.0381417122907133	2.67902175079125	TRUE
set19TCH959	Tuber-Atlantic	4/2/2025 PcWPP14_set19	69	2102638	68130	1175032	0.761711711711712	0.776305478378571	1163493	203	417	311.761254019293	0.183453850312876	0.404631794742395	1.11464855848855	0.889797448584821	0.230074344410217	0.0537287460682033	0.0243235745566498	3.98026545268256	TRUE
set19TCH960	Tuber-Atlantic	4/2/2025 PcWPP14_set19	70	2237849	69784	1270605	0.827279552279552	0.840350502244069	1258063	215.5	417	337.101554126474	0.254893924428118	0.314543086922261	1	0.889797448584821	0.219596908008368	0.0213423470729935	0.0146694889350395	2.95450311473731	TRUE
set19TCH961	Tuber-Atlantic	4/2/2025 PcWPP14_set19	71	1847748	67785	1049501	0.679709254709255	0.68960604117689	1039503	142.5	417	278.537781350482	0.106109942979487	0.547234379921737	1.32192809488736	0.889797448584821	0.171804881315953	0.0823975079579851	0.0318338366103451	3.73285760791244	FALSE
set19TCH962	Tuber-Atlantic	4/2/2025 PcWPP14_set19	72	1970323	62619	1124854	0.835135135135135	0.851036546270571	1112608	193	417	298.126473740622	0.266547676786882	0.306627533033071	0.990211780608785	0.889797448584821	0.226858513645067	-0.0396989696224713	0.00630773262163567	2.53248141886059	TRUE
