name	short	t0set	num	nMapped	nPastEnd	nGenic	fUsedStrainsSeen	fNGSeen	nUsed	gMed	gMedt0	gMean	cor12	mad12	mad12c	mad12c_t0	opcor	adjcor	gccor	maxFit	u
set17TCH812	LB	11/21/2024 Pve1715C_set17	2	1428300	9468	833072	0.81988522097415	0.820217361014351	735950	128	172	185.939868620515	0.189791791230126	0.250340401483988	0.918749679476835	0.888968687611256	0.145118366982444	-0.0103891542039435	0.0280449263654543	2.58391923788444	TRUE
set17TCH813	LB	11/21/2024 Pve1715C_set17	3	1980979	13286	1155604	0.868565480180725	0.867855649993033	1020912	177	172	257.936331480546	0.183251059895471	0.240952948236249	0.929610672108602	0.888968687611256	0.126414601358314	-0.0282441366129239	0.050831998553996	2.56787191559272	TRUE
set17TCH814	LB	11/21/2024 Pve1715C_set17	4	1978907	12275	1155062	0.871503082029398	0.873011007384701	1020344	177	172	257.792824658919	0.200639955669449	0.23349507480096	0.914752713381488	0.888968687611256	0.138711647158933	-0.0186274052430286	0.0527819045967419	2.65013504415334	TRUE
set17TCH815	M9+glucose	11/21/2024 Pve1715C_set17	5	2136397	10947	1238022	0.886796051950317	0.894231573080674	1101309	187	172	278.248863062153	0.187579487652871	0.225386999932543	0.921390165303634	0.888968687611256	0.180460480791021	0.0127944741046797	-0.0187893092537113	1.21947997399526	TRUE
set17TCH816	M9+glucose	11/21/2024 Pve1715C_set17	6	2114903	10866	1226898	0.886681599930239	0.893075101017138	1090999	186	172	275.644012127337	0.22273152230623	0.223703673623072	0.912537158749661	0.888968687611256	0.151095721469393	0.010841823427718	-0.0232406837644927	1.23576109311401	TRUE
set17TCH817	M9+glucose	11/21/2024 Pve1715C_set17	7	2224747	11367	1290395	0.892714856417216	0.898745994147973	1147155	194	172	289.83198585144	0.194783739837096	0.22624141085607	0.917537839808028	0.888968687611256	0.161949183940513	-0.00065691692473127	-0.0408412545692391	1.68460667904448	TRUE
set17TCH818	M9+polygalacturonate	11/21/2024 Pve1715C_set17	8	1979227	11007	1146164	0.863671293798336	0.879364637034973	1014311	176	172	256.268569984841	0.274644363929753	0.247558671166854	0.934904971778115	0.888968687611256	0.28997445999628	0.0251710794730697	-0.0652266944937893	1.4980365616091	TRUE
set17TCH819	M9+polygalacturonate	11/21/2024 Pve1715C_set17	9	1890663	10492	1095284	0.854689535270298	0.867521248432493	969198	167	172	244.870641738252	0.267978593912773	0.239477865190305	0.943416471633633	0.888968687611256	0.256937428852875	0.0349385995214989	-0.0625374006035876	1.2537925768182	TRUE
set17TCH820	M9+polygalacturonate	11/21/2024 Pve1715C_set17	10	1827930	10764	1060490	0.850509311489348	0.865291904695555	938191	163	172	237.036634663972	0.256467542934228	0.239082532162493	0.926470964578034	0.888968687611256	0.28866055745046	0.0388901809917093	-0.0514032141664819	1.20487681350424	TRUE
set17TCH821	M9+fructose	11/21/2024 Pve1715C_set17	11	1990450	10091	1154468	0.871584833472311	0.882834053225582	1025384	175	172	259.066195048004	0.217607456031867	0.234334361544022	0.919977916568794	0.888968687611256	0.186722580934393	-0.0103509064410597	-0.0393475279597029	1.4186584473092	TRUE
set17TCH822	M9+fructose	11/21/2024 Pve1715C_set17	12	1933649	10227	1121874	0.866685196993727	0.878598300125401	994639	170	172	251.298383021728	0.146017729391121	0.255017332857513	0.925999418556223	0.888968687611256	0.176499404142049	0.0525686284689924	-0.0356945257703818	1.30493851185101	TRUE
set17TCH823	M9+fructose	11/21/2024 Pve1715C_set17	13	1829482	9521	1062492	0.861033447240344	0.871659467744183	942674	160.5	172	238.169277412835	0.160879715076831	0.243277149525921	0.917537839808027	0.888968687611256	0.181319411419957	0.00569443577395942	-0.0337946324042999	1.51157850423101	TRUE
set17TCH824	M9+cellobiose	11/21/2024 Pve1715C_set17	14	1992839	11205	1157767	0.870358561828616	0.878347498954995	1027207	174	172	259.526781202628	0.210398614377721	0.239762348410789	0.919723410656085	0.888968687611256	0.184484150727497	0.055420881127264	-0.0446522518814991	1.67178177430793	TRUE
set17TCH825	M9+cellobiose	11/21/2024 Pve1715C_set17	15	1936808	11042	1124398	0.86758446286577	0.877915563605963	997585	170	172	252.042698332491	0.231003449339697	0.234367685389453	0.902877533101895	0.888968687611256	0.206527025897835	0.0429516061048726	-0.044351755497595	1.16174866857604	TRUE
set17TCH826	M9+cellobiose	11/21/2024 Pve1715C_set17	16	2004585	11404	1164594	0.871355929432154	0.881468580186707	1032593	175	172	260.887569479535	0.183290790158679	0.238501194997793	0.930853838959234	0.888968687611256	0.205369180329878	-0.00425737845149911	-0.0475410278779874	1.35731559735388	TRUE
set17TCH827	M9+galactose	11/21/2024 Pve1715C_set17	17	2050642	14921	1189201	0.871672035011418	0.883976591890762	1054653	179.5	172	266.461091460333	0.218602732207264	0.236811863208815	0.932885804141463	0.888968687611256	0.188757542461333	-0.0185173952437153	-0.0357444079628628	1.4942067930004	TRUE
set17TCH828	M9+galactose	11/21/2024 Pve1715C_set17	18	3041717	20805	1761082	0.915234653891641	0.925316984812596	1562543	263	172	394.780949974735	0.215159532470899	0.219461806709494	0.915935735211526	0.888968687611256	0.206590231529367	0.00821607824450859	-0.0472325376777343	1.33510399062453	TRUE
set17TCH829	M9+galactose	11/21/2024 Pve1715C_set17	19	2209135	14422	1278898	0.88419090596949	0.894970043193535	1135732	193	172	286.945932289035	0.212949734725457	0.237572139150817	0.933328960354712	0.888968687611256	0.19898864179251	-0.0109100794489913	-0.0417033703229331	1.11035066226672	TRUE
set17TCH830	M9+xylose	11/21/2024 Pve1715C_set17	20	1995470	12302	1161614	0.873421515889755	0.882151316706145	1027762	177	172	259.66700353714	0.205326161385698	0.23011543550046	0.906890595608519	0.888968687611256	0.208887938806725	-0.0254976448653873	-0.0441334750437939	1.65068989351792	TRUE
set17TCH831	M9+xylose	11/21/2024 Pve1715C_set17	21	1853593	11815	1074967	0.861224200607141	0.872425804653755	951527	163	172	240.406013137948	0.178494559131399	0.229254036841457	0.925999418556223	0.888968687611256	0.199531566251709	0.0466103950163785	-0.0310762189661604	1.72241161526149	TRUE
set17TCH832	M9+xylose	11/21/2024 Pve1715C_set17	22	1921802	12498	1119624	0.863382438700043	0.870001393339836	989086	170	172	249.895401718039	0.182196730038537	0.24957552170596	0.929610672108602	0.888968687611256	0.157839335276302	-0.016652468636341	-0.0208123668954267	1.66729391256322	TRUE
set17TCH833	M9+mannose	11/21/2024 Pve1715C_set17	23	1857921	12177	1086208	0.85216069063619	0.856179462170823	959014	165.5	172	242.297625063163	0.223915204155857	0.239555066862244	0.926833587438028	0.888968687611256	0.160535368045387	-0.0195819787395135	0.0110339803728053	2.01274823091068	TRUE
set17TCH834	M9+mannose	11/21/2024 Pve1715C_set17	24	1691198	10874	985431	0.842966378356578	0.848516093075101	870293	150	172	219.882011116726	0.187987968832076	0.247512792728859	0.92283213947754	0.888968687611256	0.159197377777106	-0.00583041852304807	-0.00932763038705772	2.0462938980846	TRUE
set17TCH835	M9+mannose	11/21/2024 Pve1715C_set17	25	1777001	11378	1037635	0.849010535035943	0.85434025358785	915410	157.5	172	231.280949974735	0.20934583134062	0.23824735282813	0.899071091149219	0.888968687611256	0.207581617124947	0.00550961416839851	-0.0291833007069683	1.88766039197982	TRUE
set17TCH836	M9+glycerol	11/21/2024 Pve1715C_set17	26	1904956	10684	1107602	0.863976499185211	0.870572662672426	980878	168	172	247.821627084386	0.217775340644563	0.246874958113393	0.940760796625324	0.888968687611256	0.141360218004955	-0.00841291009057042	-0.0351248182972043	1.64286705468163	TRUE
set17TCH837	M9+glycerol	11/21/2024 Pve1715C_set17	27	1781095	10204	1038562	0.842688423450674	0.848223491709628	917772	158	172	231.877716018191	0.172041380981036	0.255814127864334	0.937843523937431	0.888968687611256	0.21122383926777	0.0205634021855978	-0.0352576830888834	1.71248408871504	TRUE
set17TCH838	M9+glycerol	11/21/2024 Pve1715C_set17	28	1717374	9535	998474	0.846792345884905	0.854702521945102	884571	150	172	223.489388580091	0.171742599595397	0.242420033113077	0.903784684740697	0.888968687611256	0.163649785996216	0.0109986603364187	-0.0281892806392229	1.36012720993266	TRUE
set19TCH1002	Time0	4/2/2025 Pve1715C_set19	29	1428409	7191	831448	0.887281110511601	0.888240211787655	766717	119	121	193.713239009601	0.021041136870676	0.21395652197215	0.917537839808027	0.917537839808027	-0.0237492851282623	0.0393565544452711	-0.00584869786107034	1.45703602189676	FALSE
set19TCH1003	Time0	4/2/2025 Pve1715C_set19	30	1464842	7162	850901	0.892594954300943	0.893534903162881	784683	121	119	198.252400202122	0.021041136870676	0.21395652197215	0.917537839808027	0.917537839808027	-0.0237492851282623	0.0393565544452711	0.00584869786107034	1.45102472018009	FALSE
set19TCH1004	LB	4/2/2025 Pve1715C_set19	31	1254504	6229	729688	0.805431565867138	0.812177790163021	651604	113	239.5	164.629610914603	0.128356781376117	0.242189804403418	0.92007645570305	0.909234536076817	0.0554908249789381	0.049257534508221	0.0383277536070156	1.48981311315448	TRUE
set19TCH1005	LB	4/2/2025 Pve1715C_set19	32	1743839	8891	1013529	0.867628063635323	0.871408666573777	904432	156	239.5	228.507326932794	0.162715072285224	0.221417055186597	0.917537839808027	0.909234536076817	0.156876727272523	0.0358880363164323	0.0104371917836824	1.17602853449389	TRUE
set19TCH1006	LB at 36C	4/2/2025 Pve1715C_set19	33	1665968	8722	966217	0.854842137963735	0.860470948864428	864193	148	239.5	218.340828701364	0.136258151238782	0.221672271228773	0.921997487998727	0.909234536076817	0.123574429757931	0.027256159452551	0.100682525855499	2.10969481686124	TRUE
set19TCH1007	LB at 36C	4/2/2025 Pve1715C_set19	34	1451545	7783	842493	0.826463487080547	0.831141145325345	754698	129.5	239.5	190.676604345629	0.182143927679242	0.236249043470848	0.949959317500404	0.909234536076817	0.21866182214355	0.0355576628633509	0.135440759201643	1.54958474274018	TRUE
set19TCH1008	LB at 36C	4/2/2025 Pve1715C_set19	35	1512182	8002	876539	0.835254492241788	0.840560122613906	784299	135	239.5	198.155381505811	0.156524267738183	0.237271789246862	0.913585248182526	0.909234536076817	0.158178770440292	-0.0230252600573152	0.117748788003691	1.97603834548112	TRUE
set19TCH1009	Tuber-Atlantic	4/2/2025 Pve1715C_set19	36	1422693	10865	868099	0.38397562716982	0.384046258882541	764098	65	239.5	193.051541182415	0.102758144234038	0.578962744352178	1.58496250072116	0.909234536076817	0.0923941646768095	0.0126629430727965	-0.0105214636554758	3.35258532291659	FALSE
set19TCH1010	Tuber-Atlantic	4/2/2025 Pve1715C_set19	37	1469368	10185	853514	0.488519372366922	0.495527379127769	755727	86	239.5	190.936584133401	0.116251203749716	0.52588030360164	1.37345839552744	0.909234536076817	0.0905096261575273	0.0144109747402404	0.00801679422012216	4.07978273375598	FALSE
set19TCH1011	Tuber-Atlantic	4/2/2025 Pve1715C_set19	38	1423376	10217	827625	0.643999716594998	0.652333844224606	737967	114	239.5	186.449469429005	0.140596054899325	0.412956462412813	1.09953567355091	0.909234536076817	0.133528689895527	-0.0233914856761934	-0.000463642972830241	2.17643683036183	TRUE
set19TCH1012	Tuber-Atlantic	4/2/2025 Pve1715C_set19	39	1299996	7774	748599	0.477237673244933	0.483516789745019	666237	96	239.5	168.326680141486	0.0925869569978311	0.557903398135427	1.29044986341419	0.909234536076817	0.0859329663970021	-0.0159292649348323	0.0388727410174206	2.80205444535269	FALSE
set19TCH1013	Tuber-Atlantic	4/2/2025 Pve1715C_set19	40	1500380	6565	860309	0.479379561049253	0.487195206910966	762874	98	239.5	192.742294087923	0.118932400142149	0.556063377357826	1.35693454471528	0.909234536076817	0.127262819327511	0.00457691435338941	0.0206902259563861	3.85745918847327	FALSE
set19TCH1014	Tuber-Atlantic	4/2/2025 Pve1715C_set19	41	1382477	4468	817185	0.495511845784078	0.499108262505225	722471	81	239.5	182.534360788277	0.140780527849396	0.507018738501307	1.36564947231668	0.909234536076817	0.138819687914517	0.0101206689839841	0.000375076794703887	5.20716471415597	FALSE
set21TCH1139	Time0	4/14/2026 Pve1715C_set21	42	2765133	13690	1603378	0.983551609685911	0.983628256931866	1464476	237	240	370.00404244568	-0.00142316929083836	0.172714007715412	0.912127243974665	0.909950395357577	-0.0316138051137382	-0.0237982062628184	0.00895685593650909	1.37654328508068	FALSE
set21TCH1140	Time0	4/14/2026 Pve1715C_set21	43	2784947	13980	1612439	0.983175553048511	0.985021596767452	1473087	240	237	372.179636179889	-0.00142316929083836	0.172714007715412	0.909950395357577	0.912127243974665	-0.0316138051137382	-0.0237982062628184	-0.00895685593650907	1.05923524327122	FALSE
set21TCH1141	Tuber-Atlantic	4/14/2026 Pve1715C_set21	44	5443742	25934	3074365	0.925982243586599	0.93082067716316	2713630	364	476	685.606366851945	0.172485351722241	0.279732224629484	1.08539149123064	0.912120081016225	0.0657979851383407	0.0595900241397015	0.0272065884105159	4.17508873917011	TRUE
set21TCH1143	Tuber-Atlantic	4/14/2026 Pve1715C_set21	45	3849104	26617	2202704	0.873083609925715	0.877413961265153	1961903	269	476	495.680394138454	0.191865856351065	0.310027132363492	1.0962153152593	0.912120081016225	0.128610166571119	0.115742776237003	0.00576556238676458	5.0999477438868	TRUE
set21TCH1144	Tuber-Atlantic	4/14/2026 Pve1715C_set21	46	5251850	21348	3200816	0.879852629398909	0.885551065904974	2707339	315	476	684.016927741283	0.133822601012728	0.339927207694871	1.18057224564182	0.912120081016225	0.101219071774309	0.0488639453522465	0.0166452988486426	3.91460948643604	TRUE
set21TCH1145	Tuber-Atlantic	4/14/2026 Pve1715C_set21	47	5064250	34980	2870837	0.944240065837162	0.950898704193953	2541529	431.5	476	642.124557857504	0.192056661798786	0.226525275856538	0.950209633288468	0.912120081016225	0.185269369114084	0.00846491244353003	0.0286471302028558	3.17384832368196	TRUE
set21TCH1146	Tuber-Atlantic	4/14/2026 Pve1715C_set21	48	5132695	38330	3014353	0.902971937454696	0.912762992893967	2658118	334	476	671.581101566448	0.186365718281078	0.314802464844367	1.13851986408143	0.912120081016225	0.14053457845795	0.0445705849436514	0.016800446792425	3.66819918106612	TRUE
