name	short	t0set	num	nMapped	nPastEnd	nGenic	fUsedStrainsSeen	fNGSeen	nUsed	gMed	gMedt0	gMean	cor12	mad12	mad12c	mad12c_t0	opcor	adjcor	gccor	maxFit	u
set17TCH812	LB	11/21/2024 PveNY1715C_set17	2	1428402	9460	833770	0.819894626151675	0.820013675499923	736594	128	172.5	186.763184584179	0.192716077821879	0.248493846046553	0.929610672108602	0.887525270741587	0.145010848110828	0.004216479965917	0.0245113530741741	2.57484761847839	TRUE
set17TCH813	LB	11/21/2024 PveNY1715C_set17	3	1980971	13275	1156286	0.868707672022535	0.867445332886786	1021553	177	172.5	259.014452332657	0.180165564789906	0.241165865378058	0.934904971778115	0.887525270741587	0.148087629297244	-0.0155876868979544	0.0514993005793811	2.56651068889521	TRUE
set17TCH814	LB	11/21/2024 PveNY1715C_set17	4	1978944	12256	1155736	0.871513645749903	0.873096942548946	1021065	178	172.5	258.890720081136	0.206179011248807	0.232392502183065	0.911463325398342	0.887525270741587	0.149745040592945	-0.013602968047967	0.0417269983190107	2.64856540573151	TRUE
set17TCH815	M9+glucose	11/21/2024 PveNY1715C_set17	5	2136598	10933	1239145	0.887036401379558	0.893861375085472	1102392	187	172.5	279.511156186613	0.183952337256291	0.223764980946407	0.92275700106754	0.887525270741587	0.181903789045881	0.0054072627599182	-0.0255492249100877	1.38812973312967	TRUE
set17TCH816	M9+glucose	11/21/2024 PveNY1715C_set17	6	2114823	10851	1227923	0.886671352370367	0.892703143969523	1092224	186.5	172.5	276.933062880325	0.222342011226206	0.221427139357182	0.915503725913227	0.887525270741587	0.155464989289462	0.0126191970921127	-0.0315397568386164	1.24485704094853	TRUE
set17TCH817	M9+glucose	11/21/2024 PveNY1715C_set17	7	2224666	11357	1290971	0.892664694312319	0.898759436792677	1147894	194	172.5	291.048174442191	0.188067191812819	0.226545917941302	0.925146005315787	0.887525270741587	0.166271745311551	0.0113146983962529	-0.0438523015915489	1.68489631849437	TRUE
set17TCH818	M9+polygalacturonate	11/21/2024 PveNY1715C_set17	8	1978983	11004	1146792	0.863760440674088	0.878999734862757	1015116	176	172.5	257.382352941176	0.278550268398487	0.24665975967398	0.934623991147975	0.887525270741587	0.288634571223248	-0.000825913826834262	-0.0690596601480321	1.44547830519941	TRUE
set17TCH819	M9+polygalacturonate	11/21/2024 PveNY1715C_set17	9	1890739	10461	1095986	0.854884846107324	0.866859240032933	969929	168	172.5	245.925202839757	0.262638193571611	0.236914573941625	0.938599455335858	0.887525270741587	0.265754343959917	0.0411908532799249	-0.0666634230977755	1.19682840271249	TRUE
set17TCH820	M9+polygalacturonate	11/21/2024 PveNY1715C_set17	10	1827847	10755	1060894	0.850629573328539	0.865589372182917	938742	164	172.5	238.017748478702	0.250934885132059	0.238563418221808	0.932885804141462	0.887525270741587	0.2916082528831	0.0216533034463212	-0.0534679313357999	1.22316979284928	TRUE
set17TCH821	M9+fructose	11/21/2024 PveNY1715C_set17	11	1990392	10077	1155247	0.871709791486185	0.882865156779838	1026321	175.5	172.5	260.223377281947	0.214914763727634	0.233068398299869	0.917537839808027	0.887525270741587	0.179964253246551	-0.0156822755299925	-0.0438147165153732	1.41593379529472	TRUE
set17TCH822	M9+fructose	11/21/2024 PveNY1715C_set17	12	1933679	10220	1123367	0.867138506132278	0.877897322113842	996199	171	172.5	252.585953346856	0.140759900072271	0.25222282333719	0.927850214244165	0.887525270741587	0.182597384796948	0.0589398284390777	-0.0426868002530619	1.30421232108758	TRUE
set17TCH823	M9+fructose	11/21/2024 PveNY1715C_set17	13	1829632	9518	1063199	0.861199649117072	0.871464255313211	943589	161	172.5	239.246703853955	0.158245752837297	0.243438712870262	0.917537839808027	0.887525270741587	0.180736794737166	0.000980436959590491	-0.0372693788799305	1.51073587271225	TRUE
set17TCH824	M9+cellobiose	11/21/2024 PveNY1715C_set17	14	1992583	11183	1157916	0.870353116810234	0.87826014149956	1027477	174	172.5	260.516480730223	0.205218873446472	0.238656720704143	0.919723410656085	0.887525270741587	0.188057657808842	0.0379695190415583	-0.0512474255854995	1.4330789284181	TRUE
set17TCH825	M9+cellobiose	11/21/2024 PveNY1715C_set17	15	1936723	11025	1124832	0.867765082789846	0.877464729769331	998151	170	172.5	253.080882352941	0.223648778193539	0.237416668110524	0.905051595944737	0.887525270741587	0.197464446540535	0.0234434315240672	-0.0488556426304398	1.16298846729	TRUE
set17TCH826	M9+cellobiose	11/21/2024 PveNY1715C_set17	16	2004601	11395	1165072	0.871687997515487	0.880688240465525	1033029	175	172.5	261.924188640974	0.179186944007888	0.23984044575751	0.930737337562887	0.887525270741587	0.20017612553478	-0.00131166689650408	-0.0462829800402417	1.35474335669941	TRUE
set17TCH827	M9+galactose	11/21/2024 PveNY1715C_set17	17	2050353	14905	1189571	0.871916834207816	0.882934929738631	1055218	180	172.5	267.550202839757	0.21894285533926	0.236752872374315	0.938599455335857	0.887525270741587	0.195216386777548	-0.02677728469257	-0.0422567253504184	1.25303349104694	TRUE
set17TCH828	M9+galactose	11/21/2024 PveNY1715C_set17	18	3041543	20810	1762085	0.915254144940802	0.925133615216087	1563653	263	172.5	396.463742393509	0.220627970310813	0.218410302085085	0.921997487998727	0.887525270741587	0.203209894694863	-0.00695946809331443	-0.0465250420517272	1.34391314834126	TRUE
set17TCH829	M9+galactose	11/21/2024 PveNY1715C_set17	19	2208790	14406	1280031	0.884426573388472	0.894377694980533	1136965	194	172.5	288.277129817444	0.206889778725408	0.237522086694608	0.932885804141463	0.887525270741587	0.190514357566933	-0.017810620728891	-0.0469609097983875	1.07068248883137	TRUE
set17TCH830	M9+xylose	11/21/2024 PveNY1715C_set17	20	1995179	12285	1162197	0.873540485024818	0.881999972090816	1028494	177	172.5	260.774340770791	0.207296344318451	0.22740419170564	0.90484276695966	0.887525270741587	0.197559141181399	-0.0169802976417759	-0.0494887059959832	1.64965833392004	TRUE
set17TCH831	M9+xylose	11/21/2024 PveNY1715C_set17	21	1853397	11793	1075409	0.861188752131723	0.872203848676407	952090	163	172.5	241.402129817444	0.174368808704229	0.22939447354756	0.929610672108602	0.887525270741587	0.203041120799487	0.0326300728522008	-0.0362048711190182	1.73841586771974	TRUE
set17TCH832	M9+xylose	11/21/2024 PveNY1715C_set17	22	1921553	12490	1120416	0.863302767289429	0.870026932362094	990066	170	172.5	251.03093306288	0.181350061741762	0.247798254860567	0.929610672108602	0.887525270741587	0.162826701550382	-0.0183083508058157	-0.0231638685730816	1.66721906872959	TRUE
set17TCH833	M9+mannose	11/21/2024 PveNY1715C_set17	23	1857879	12174	1086917	0.852002593482513	0.856142113562468	959739	166	172.5	243.341531440162	0.215074096465511	0.242123846826665	0.922521247322282	0.887525270741587	0.173340500462306	-0.0302034320246896	0.00663595268777141	2.02338346756283	TRUE
set17TCH834	M9+mannose	11/21/2024 PveNY1715C_set17	24	1691056	10865	986299	0.843023477554934	0.848076359526102	871219	150	172.5	220.897312373225	0.184312942890187	0.250407868269136	0.921390165303633	0.887525270741587	0.152582709403382	0.0103555978147178	-0.0185336103382872	2.04598260422423	TRUE
set17TCH835	M9+mannose	11/21/2024 PveNY1715C_set17	25	1776682	11374	1037684	0.849011371004212	0.85374192378002	915591	158	172.5	232.147819472617	0.205537094391203	0.236994276737623	0.89774994175205	0.887525270741587	0.20630178645889	0.00241442603033249	-0.0298746239888104	1.88428155322983	TRUE
set17TCH836	M9+glycerol	11/21/2024 PveNY1715C_set17	26	1905030	10680	1108401	0.864087350234558	0.870557206848914	981780	170	172.5	248.930020283976	0.22304669214268	0.245724256292715	0.94277513130705	0.887525270741587	0.136872240031062	-0.0153416216698934	-0.0372078228792629	1.65545778343358	TRUE
set17TCH837	M9+glycerol	11/21/2024 PveNY1715C_set17	27	1780891	10202	1038843	0.842810986340629	0.847908904425001	918296	158.5	172.5	232.833671399594	0.171810439622276	0.25741125956007	0.929610672108602	0.887525270741587	0.226131232562453	0.029512020229822	-0.0433921370046562	1.73621649489407	TRUE
set17TCH838	M9+glycerol	11/21/2024 PveNY1715C_set17	28	1716904	9524	999180	0.846968186251274	0.854872245712452	885378	150	172.5	224.487322515213	0.181754979055121	0.237273380309123	0.902702798645085	0.887525270741587	0.171384518955281	0.00919090122395195	-0.0321010355968505	1.36164338360628	TRUE
set19TCH1002	Time0	4/2/2025 PveNY1715C_set19	29	1428227	7178	831308	0.887254341086538	0.888656312359582	766758	119	121	194.411257606491	0.0226355966337765	0.214697757790582	0.908852111941804	0.910732661902913	-0.0289184096416238	0.0238095421186338	-0.00147700570452522	1.45822949021702	FALSE
set19TCH1003	Time0	4/2/2025 PveNY1715C_set19	30	1464754	7150	850970	0.892795458136507	0.893666010800854	784859	121	119	199.000760649087	0.0226355966337765	0.214697757790582	0.910732661902913	0.908852111941804	-0.0289184096416238	0.0238095421186338	0.00147700570452522	1.45221215219232	FALSE
set19TCH1004	LB	4/2/2025 PveNY1715C_set19	31	1254406	6223	729798	0.805516053983665	0.812073512789383	651759	113	241	165.253296146045	0.129798372901661	0.24141150531889	0.925999418556223	0.912537158749661	0.0811682853175446	0.029924089891245	0.0295842156887895	1.50423446027082	TRUE
set19TCH1005	LB	4/2/2025 PveNY1715C_set19	32	1743511	8880	1014046	0.867759634297172	0.870640934399464	905010	156.5	241	229.465010141988	0.158993932044841	0.222147346744041	0.925999418556223	0.912537158749661	0.147667124097767	0.0297943773444446	0.00489770634429132	1.17707005865214	TRUE
set19TCH1006	LB at 36C	4/2/2025 PveNY1715C_set19	33	1665694	8710	966609	0.855108234306979	0.860049399254825	864705	148.5	241	219.245689655172	0.124349704456258	0.222696667511475	0.925999418556223	0.912537158749661	0.117374428383803	0.0116197886293787	0.103479992573899	2.10752324896529	TRUE
set19TCH1007	LB at 36C	4/2/2025 PveNY1715C_set19	34	1451448	7775	842659	0.826825108833641	0.830828484112697	754945	131	241	191.41607505071	0.180463293888244	0.23465017269095	0.949959317500404	0.912537158749661	0.20460337382632	0.0426529539965838	0.132562017175141	1.5512626477866	TRUE
set19TCH1008	LB at 36C	4/2/2025 PveNY1715C_set19	35	1511992	7999	877045	0.835406484795981	0.84068042589414	784848	136	241	198.997971602434	0.163392910982801	0.238280777150343	0.917537839808027	0.912537158749661	0.146762029966884	-0.0193878592150303	0.11596244522869	1.96923461154181	TRUE
set19TCH1009	Tuber-Atlantic	4/2/2025 PveNY1715C_set19	36	1426611	10865	868321	0.384080594103641	0.383611727438914	764406	65	241	193.81490872211	0.0955117107682904	0.575869162178049	1.58496250072116	0.912537158749661	0.101019825401921	0.014889277961178	-0.0176840503613115	3.40975746350575	FALSE
set19TCH1010	Tuber-Atlantic	4/2/2025 PveNY1715C_set19	37	1468815	10183	849129	0.48854454415186	0.496239237521106	751091	86.5	241	190.438894523327	0.118411958430046	0.528091154014776	1.37345839552744	0.912537158749661	0.0768155884462615	0.00540191205993126	0.00218412252051973	4.09277299785641	FALSE
set19TCH1011	Tuber-Atlantic	4/2/2025 PveNY1715C_set19	38	1423187	10208	828455	0.644273361774465	0.651930617769777	738565	115	241	187.262931034483	0.139560603752228	0.409559597271787	1.10433665981474	0.912537158749661	0.128766981775068	-0.0472764627058359	0.00377744308666212	2.17487749986424	TRUE
set19TCH1012	Tuber-Atlantic	4/2/2025 PveNY1715C_set19	39	1300080	7774	752403	0.47734789170576	0.48314983045171	669976	96.5	241	169.872210953347	0.0926312022523232	0.55963228801938	1.30485458152842	0.912537158749661	0.0958920934855711	0.00569873459600368	0.0379870174608749	3.01263620829407	FALSE
set19TCH1013	Tuber-Atlantic	4/2/2025 PveNY1715C_set19	40	1500394	6566	861966	0.479614464658352	0.486861751859449	764311	98.5	241	193.790821501014	0.120369635841244	0.553195669067146	1.36405357056004	0.912537158749661	0.13357358995776	0.00991106225458177	0.0162315904754812	4.15050696192752	FALSE
set19TCH1014	Tuber-Atlantic	4/2/2025 PveNY1715C_set19	41	1381971	4462	817668	0.495475026833826	0.499072019648065	722478	81	241	183.184077079108	0.138225571228072	0.509024896215937	1.36190753285601	0.912537158749661	0.145369109315742	0.0223120643250725	-0.0105446893020299	5.21345599950771	FALSE
set21TCH1139	Time0	4/14/2026 PveNY1715C_set21	42	2764856	13681	1605031	0.98365997046917	0.983421944990999	1466210	238.5	241	371.757099391481	-0.00513129190285889	0.173005297117855	0.912537158749661	0.907410392061949	-0.0295663843851809	-0.0143870555166919	0.00907861956055737	1.38084833448827	FALSE
set21TCH1140	Time0	4/14/2026 PveNY1715C_set21	43	2784567	13962	1613635	0.983240436533233	0.984942995492667	1474531	241	238.5	373.866886409736	-0.00513129190285889	0.173005297117855	0.907410392061949	0.912537158749661	-0.0295663843851809	-0.0143870555166919	-0.00907861956055739	1.05367891743318	FALSE
set21TCH1141	Tuber-Atlantic	4/14/2026 PveNY1715C_set21	44	5440629	25929	3056194	0.925965881538872	0.930701497327696	2695860	364	479	683.534482758621	0.174666855383801	0.276183090864627	1.07800251200127	0.90902633995251	0.0652871240157395	0.0284810331834522	0.017660136003608	4.16635608304818	TRUE
set21TCH1143	Tuber-Atlantic	4/14/2026 PveNY1715C_set21	45	3847521	26614	2202495	0.873257163405744	0.876976319057786	1962111	271	479	497.492647058824	0.194603560683078	0.310063623228044	1.09686153925259	0.90902633995251	0.142940740284535	0.124226894072532	-0.0023535662003447	5.09755232156962	TRUE
set21TCH1144	Tuber-Atlantic	4/14/2026 PveNY1715C_set21	46	5252269	21338	3132433	0.879882530497938	0.885474665438663	2709973	317	479	687.112829614604	0.133338391365834	0.339091839593787	1.16992500144231	0.90902633995251	0.0880036347601606	0.0693306265427154	0.0161573878930437	3.93644474505247	TRUE
set21TCH1145	Tuber-Atlantic	4/14/2026 PveNY1715C_set21	47	5064667	34981	2874688	0.944305507881245	0.950698427317509	2545342	431.5	479	645.370689655172	0.19573309292456	0.221009656827661	0.94838589239246	0.90902633995251	0.164784191882007	-0.0193455709895725	0.0318003751110788	3.18494410695469	TRUE
set21TCH1146	Tuber-Atlantic	4/14/2026 PveNY1715C_set21	48	5133671	38317	3026451	0.90314759421806	0.912434936715926	2668831	335	479	676.681288032454	0.183956161050128	0.314769756989948	1.14622074085104	0.90902633995251	0.146317592608653	0.0466164168926086	0.0124398467001779	3.68101476512443	TRUE
