name	short	t0set	num	nMapped	nPastEnd	nGenic	fUsedStrainsSeen	fNGSeen	nUsed	gMed	gMedt0	gMean	cor12	mad12	mad12c	mad12c_t0	opcor	adjcor	gccor	maxFit	u
set20TCH1054	Time0	8/18/2025 Ppa1722A_set20	1	1932879	78	1107415	0.908475194211515	0.915864050409742	1038206	98	129	272.709745206199	-0.0278112036450156	0.245818179277483	0.906890595608518	0.906890595608519	-0.0325009130548974	-0.0301175687979052	-0.0225478406321121	1.13145383005852	FALSE
set20TCH1055	Time0	8/18/2025 Ppa1722A_set20	2	2547116	137	1458427	0.952529190154341	0.956947119831968	1366818	129	98	359.027580772262	-0.0278112036450156	0.245818179277483	0.906890595608519	0.906890595608518	-0.0325009130548974	-0.0301175687979052	0.022547840632112	1.56694388327074	FALSE
set20TCH1056	LB	8/18/2025 Ppa1722A_set20	3	2534134	87	1463678	0.881224817941311	0.888830846583303	1330072	130	226	349.37536117678	0.108328193358365	0.227393905450388	0.947532580105864	0.889443058622547	0.0994670303118896	0.092127809271463	-0.034600148586073	1.63158553081616	TRUE
set20TCH1057	LB	8/18/2025 Ppa1722A_set20	4	2215095	96	1279749	0.862350543605276	0.871429037839956	1162473	114	226	305.35145784082	0.100181069716183	0.237908368107537	0.941501678191432	0.889443058622547	0.0848703961880022	-0.0289021737383857	-0.026253742073379	1.15355974102571	TRUE
set20TCH1058	LB	8/18/2025 Ppa1722A_set20	5	2106543	84	1217975	0.855610399080124	0.86249415042389	1106281	108	226	290.591279222485	0.0722093121161803	0.251267655070437	0.946394742298779	0.889443058622547	0.0815616593316845	0.0627174267121143	-0.0427166785541825	1.40268641485469	FALSE
set20TCH1059	M9+glucose	8/18/2025 Ppa1722A_set20	6	2021961	108	1167238	0.840966243187406	0.851850642637152	1061366	103	226	278.793275545049	0.145738010607478	0.254647484618104	0.959067676388071	0.889443058622547	0.177690626689069	0.0463431170910145	-0.110263365907661	1.81170196152613	TRUE
set20TCH1060	M9+glucose	8/18/2025 Ppa1722A_set20	7	629634	38	363226	0.56008170438717	0.575021493791287	330416	31	226	86.7916995009194	0.134010227858686	0.402421553869984	0.970805987393442	0.889443058622547	0.122334968090198	0.0727567302742425	-0.0912677927282496	1.69087536831992	FALSE
set20TCH1061	M9+glucose	8/18/2025 Ppa1722A_set20	8	1240123	93	716687	0.729085453066719	0.742477173049506	651655	63	226	171.172839506173	0.106231298339523	0.30926331776422	0.954196310386875	0.889443058622547	0.089746559008461	0.0348389943251161	-0.0783810991051189	1.97290994029648	TRUE
set20TCH1062	M9+polygalacturonate	8/18/2025 Ppa1722A_set20	9	2192744	128	1262703	0.853142440474521	0.869121856192933	1149394	110	226	301.915944313107	0.18869781511216	0.240521973528162	0.925381826463322	0.889443058622547	0.252403789461972	0.033747994496703	-0.118187189918332	1.01903758631776	TRUE
set20TCH1063	M9+polygalacturonate	8/18/2025 Ppa1722A_set20	10	2220484	120	1278246	0.855367342550785	0.873094126481439	1163345	110	226	305.580509587602	0.178468831868085	0.251831166500727	0.949210794645023	0.889443058622547	0.176159944630791	0.0335896131732279	-0.107597767435125	1.17904611686769	TRUE
set20TCH1064	M9+polygalacturonate	8/18/2025 Ppa1722A_set20	11	2260650	135	1301335	0.860284563105889	0.873660038960898	1183751	113	226	310.940635671132	0.185652555135594	0.244117605727949	0.959358015502654	0.889443058622547	0.186813702535944	0.0306594451085898	-0.115948469657357	1.38901349692911	TRUE
set20TCH1065	M9+fructose	8/18/2025 Ppa1722A_set20	12	2249524	101	1299810	0.84206467173346	0.852188013538368	1182514	114	226	310.615707906488	0.146724681632894	0.26259283886925	0.947532580105864	0.889443058622547	0.138763699562842	-0.0254169516555127	-0.0845161728116458	1.96418587552642	TRUE
set20TCH1066	M9+fructose	8/18/2025 Ppa1722A_set20	13	2027791	142	1169103	0.819862392611082	0.830977178490973	1064522	101	226	279.622274757027	0.11620187853755	0.264380897351689	0.948745948803134	0.889443058622547	0.127972325243219	0.0395277821349597	-0.0942859223799861	1.77355457279551	TRUE
set20TCH1067	M9+fructose	8/18/2025 Ppa1722A_set20	14	1954972	103	1129632	0.822274261248376	0.831793398413268	1027093	99	226	269.790648804833	0.175072328896517	0.274458901137906	0.938224392011277	0.889443058622547	0.140552919270331	0.0577789232398637	-0.0621408786665622	1.99891949481888	TRUE
set20TCH1068	M9+cellobiose	8/18/2025 Ppa1722A_set20	15	1866086	143	1077262	0.805811855549635	0.817841479208158	981865	93	226	257.910428158655	0.176776253235331	0.284659987886669	0.961989322528563	0.889443058622547	0.154136409055766	0.0626804570769057	-0.095656109727997	1.47884972873141	TRUE
set20TCH1069	M9+cellobiose	8/18/2025 Ppa1722A_set20	16	1693031	106	976583	0.7740929784708	0.78744544930186	889539	85	226	233.65878644602	0.131562570586808	0.287376492099444	0.959732644189571	0.889443058622547	0.100822935677524	0.023315048186867	-0.0963187684688745	1.87297228514206	TRUE
set20TCH1070	M9+cellobiose	8/18/2025 Ppa1722A_set20	17	2099824	100	1212927	0.846416318441447	0.856987386681467	1102183	106	226	289.514841082217	0.186146489781944	0.257242367788555	0.952574350476926	0.889443058622547	0.195428874813847	0.0395020142505534	-0.0942705368255833	1.70931785782163	TRUE
set20TCH1071	M9+galactose	8/18/2025 Ppa1722A_set20	18	1611101	91	923998	0.796005459423582	0.811605559001817	842646	81	226	221.34121355398	0.131546996699722	0.279007561750889	0.935869662580284	0.889443058622547	0.109681018773855	0.0456367311522588	-0.098400789514677	1.30289348205456	TRUE
set20TCH1072	M9+galactose	8/18/2025 Ppa1722A_set20	19	1643651	104	942535	0.799562498247189	0.820355436568829	859471	82	226	225.760703966378	0.119848887536716	0.27917644734542	0.961052751225866	0.889443058622547	0.106205967193886	0.0132669632326452	-0.10242994802691	1.25874993757677	TRUE
set20TCH1073	M9+galactose	8/18/2025 Ppa1722A_set20	20	2139125	129	1227833	0.85246001252676	0.868740953562528	1119158	108	226	293.973732597846	0.141661379734902	0.249154060014665	0.920439154960597	0.889443058622547	0.19425727690846	0.0494903866711446	-0.0967149464866638	1.23820048285918	TRUE
set20TCH1074	M9+xylose	8/18/2025 Ppa1722A_set20	21	2386954	110	1373765	0.871203410270073	0.885489786368039	1250048	122	226	328.355135277121	0.128064112485531	0.238054633068433	0.947532580105864	0.889443058622547	0.188619976448905	0.0851064090324936	-0.0989798763016913	1.20523628690349	TRUE
set20TCH1075	M9+xylose	8/18/2025 Ppa1722A_set20	22	2344432	174	1350082	0.870263903300895	0.882442565324801	1229147	117	226	322.864985552929	0.151185834324847	0.240817399285311	0.939852883141144	0.889443058622547	0.197149625542178	0.0269355097989047	-0.102144873502407	1.22426363877447	TRUE
set20TCH1076	M9+xylose	8/18/2025 Ppa1722A_set20	23	2376175	179	1369177	0.872787951874807	0.883683219606691	1246718	119	226	327.480430785395	0.141499073550467	0.225523076677621	0.943101489904729	0.889443058622547	0.146665730960097	0.0743409605918008	-0.106134627798734	1.15581154103992	TRUE
set20TCH1077	M9+mannose	8/18/2025 Ppa1722A_set20	24	2123298	153	1228461	0.849753671555842	0.85745535277025	1116721	108	226	293.333596007355	0.154395200822108	0.253926557180498	0.925025282661462	0.889443058622547	0.153649661396223	0.0182217939219316	-0.0961406341154562	1.91439083759936	TRUE
set20TCH1078	M9+mannose	8/18/2025 Ppa1722A_set20	25	1942066	184	1126076	0.831622589299904	0.839095845984742	1023299	99	226	268.794063567113	0.176395664107008	0.263650416970348	0.937593581223318	0.889443058622547	0.155244888607592	-0.0801624550847961	-0.0876630740317781	2.47794364424794	TRUE
set20TCH1079	M9+mannose	8/18/2025 Ppa1722A_set20	26	1900160	104	1099373	0.815356498490245	0.8260689760249	1000120	96	226	262.705542421854	0.175877049851103	0.273241023308303	0.945552215977624	0.889443058622547	0.132555054831834	0.0336545965856743	-0.0754692272228534	2.0789894556286	TRUE
set20TCH1080	M9+glycerol	8/18/2025 Ppa1722A_set20	27	1692563	57	974838	0.80633536192052	0.821922578819637	887371	85	226	233.089309167323	0.128154854651365	0.265925851708965	0.966033858952062	0.889443058622547	0.154107349251467	0.0588041158536067	-0.114498022249191	1.1125935103375	TRUE
set20TCH1081	M9+glycerol	8/18/2025 Ppa1722A_set20	28	2250798	129	1298650	0.85815314431014	0.868849782885501	1179733	115	226	309.885211452587	0.145536516777652	0.241849144747132	0.925999418556223	0.889443058622547	0.132184157567451	0.0142211207222696	-0.0985336668556755	1.30405748717148	TRUE
set20TCH1082	M9+glycerol	8/18/2025 Ppa1722A_set20	29	2068423	115	1194972	0.844373708762188	0.854462546388499	1085405	105	226	285.107696348831	0.124161208517461	0.255551267810162	0.945205330892581	0.889443058622547	0.123039912369049	0.018103919147005	-0.106436224990547	1.4273637691843	TRUE
set21TCH1120	Time0	4/14/2026 Ppa1722A_set21	30	2479801	119	1420614	0.951809368894373	0.957980998400209	1329754	127	131	349.29183083793	0.0169054691088614	0.214645212583573	0.886079737998671	0.899272107597628	0.0133545530769069	-0.0125096746152315	0.0132864015870073	1.26596830348065	FALSE
set21TCH1121	Time0	4/14/2026 Ppa1722A_set21	31	2536223	137	1455007	0.955833824120556	0.958797218322505	1361314	131	127	357.58182295771	0.0169054691088614	0.214645212583573	0.899272107597628	0.886079737998671	0.0133545530769069	-0.0125096746152315	-0.0132864015870073	1.42809576335706	FALSE
set21TCH1122	LB	4/14/2026 Ppa1722A_set21	32	2447614	107	1410858	0.887404062783371	0.897341299639775	1283128	126	260	337.04439190964	0.125380621926568	0.223749240325762	0.936222141219325	0.900950245982748	0.128560668677761	0.0186510946979633	-0.0211749707340521	2.06268340252336	TRUE
set21TCH1123	LB	4/14/2026 Ppa1722A_set21	33	2421622	77	1397075	0.889133503472904	0.898211934223557	1270384	125	260	333.696874179144	0.097986893592801	0.223112600987537	0.910514929477341	0.900950245982748	0.111674700189045	0.0312477847962538	-0.0169578561342674	1.79827485680148	FALSE
set21TCH1124	LB	4/14/2026 Ppa1722A_set21	34	2425252	93	1399038	0.887474175243758	0.896350952800723	1272202	123	260	334.174415550302	0.0956752840139505	0.225550707397369	0.921997487998727	0.900950245982748	0.109965299417242	0.010134581661712	-0.018859318485872	2.00134916345721	FALSE
set21TCH1125	Tuber-Atlantic	4/14/2026 Ppa1722A_set21	35	4360338	335	2494202	0.869272980527433	0.881299857433587	2266985	203	260	595.478066719201	0.144651665530578	0.311536059558548	1.04949827710847	0.900950245982748	0.137953682228064	0.0402689298414163	-0.00604065148399357	5.87115917435493	TRUE
set21TCH1126	Tuber-Atlantic	4/14/2026 Ppa1722A_set21	36	4639028	234	2668289	0.891802451131615	0.903283380674089	2433672	229	260	639.262411347518	0.0936327226215769	0.339232485630886	1.08565280286598	0.900950245982748	0.168754069149567	-0.00835832995800355	-0.0135653093690043	4.91635035193381	FALSE
set21TCH1127	Tuber-Atlantic	4/14/2026 Ppa1722A_set21	37	4146489	149	2364477	0.907507642258182	0.919215993557304	2146768	200	260	563.900183871815	0.158210241857768	0.271229378853415	1.02071186059768	0.900950245982748	0.200387601181622	0.0282440649492041	-0.0180529357461469	5.24826459606802	TRUE
set21TCH1128	Tuber-Atlantic	4/14/2026 Ppa1722A_set21	38	4719465	128	2685979	0.833520299894364	0.852830106543907	2457251	193	260	645.456002101392	0.138605284473697	0.385324315997033	1.22727091063099	0.900950245982748	0.12004099589338	0.045583198881106	0.0055045934717499	4.32928559487064	TRUE
set21TCH1129	Tuber-Atlantic	4/14/2026 Ppa1722A_set21	39	3710502	959	2138742	0.813337259631115	0.828180264890572	1947241	171	260	511.489624376149	0.149307507303134	0.373982756748649	1.12857891974856	0.900950245982748	0.127512485607055	0.0249129500669537	-0.0256582146085704	5.51365529236226	TRUE
set21TCH1130	Tuber-Atlantic	4/14/2026 Ppa1722A_set21	40	4064755	277	2347979	0.85708276074824	0.869557173484824	2140078	192	260	562.142894667717	0.0890768559349929	0.362231661812271	1.1330804006804	0.900950245982748	0.183861799297095	-0.0165520965067792	-0.0395270465627731	5.62567488668319	FALSE
