name	short	t0set	num	nMapped	nPastEnd	nGenic	fUsedStrainsSeen	fNGSeen	nUsed	gMed	gMedt0	gMean	cor12	mad12	mad12c	mad12c_t0	opcor	adjcor	gccor	maxFit	u
set20TCH1025	Time0	8/18/2025 Par6119_set20	1	3752849	427	2299189	0.983385663867592	0.984246628131021	2285889	264	248	598.870578988735	0.00352199965893769	0.165957160427374	0.862496476250065	0.863217463337019	-0.00101255298523054	-0.0072807130074303	-0.0302148145266795	1.25132388693997	FALSE
set20TCH1026	Time0	8/18/2025 Par6119_set20	2	3525620	395	2160286	0.980299379335524	0.981364161849711	2148004	248	264	562.746659680377	0.00352199965893769	0.165957160427374	0.863217463337019	0.862496476250065	-0.00101255298523054	-0.0072807130074303	0.0302148145266795	1.19586505765758	FALSE
set20TCH1027	LB	8/18/2025 Par6119_set20	3	3118681	455	1924319	0.953905318242668	0.95828901734104	1907795	214	512	499.815299973801	0.256687434681118	0.186355802285696	0.869387146201843	0.864069616443143	0.268941769325306	-0.0675378394859401	-0.0235578944485166	1.68232947774914	TRUE
set20TCH1028	LB	8/18/2025 Par6119_set20	4	3732488	559	2303521	0.964351953267616	0.968030828516378	2283630	256	512	598.278752947341	0.291196259711746	0.173949030463029	0.857768365053683	0.864069616443143	0.216269829146186	-0.0152463449925487	-0.0295672677257646	1.80772508805286	TRUE
set20TCH1029	LB	8/18/2025 Par6119_set20	5	3289425	543	2031296	0.95777534379944	0.961464354527938	2013825	227	512	527.593659942363	0.268901650551347	0.185539546410364	0.876122951830369	0.864069616443143	0.253141587164519	-0.0200655070631591	-0.0315982112133566	1.90184528389026	TRUE
set20TCH1030	M9+glucose	8/18/2025 Par6119_set20	6	3519043	563	2161572	0.954635511743945	0.966473988439306	2142372	239	512	561.271155357611	0.277447528625064	0.174291276452172	0.861552778510644	0.864069616443143	0.2239078038787	0.015412376084198	-0.0675114597267845	1.45196470133077	TRUE
set20TCH1031	M9+glucose	8/18/2025 Par6119_set20	7	3030251	453	1868880	0.946739686016794	0.953325626204239	1851048	208	512	484.948388787006	0.261665765900694	0.188968571105492	0.86374093994819	0.864069616443143	0.259898661070587	0.0223695175359153	-0.0665822255327455	2.33771492494635	TRUE
set20TCH1032	M9+glucose	8/18/2025 Par6119_set20	8	2419212	448	1487565	0.923675307289765	0.932100192678227	1474286	166	512	386.242074927954	0.20739917834718	0.20084165330201	0.887939957456339	0.864069616443143	0.219690616723707	-0.0157195102063007	-0.0640905631543179	1.7897154932317	TRUE
set20TCH1033	M9+polygalacturonate	8/18/2025 Par6119_set20	9	3422826	587	2105250	0.951169526591213	0.963452793834297	2085790	232	512	546.447471836521	0.296937223534132	0.183290989234184	0.862721862135493	0.864069616443143	0.273942557779839	-0.0224119805818652	-0.0678380954070575	1.50115071640025	TRUE
set20TCH1034	M9+polygalacturonate	8/18/2025 Par6119_set20	10	3249000	563	1999793	0.948404527199708	0.960816955684008	1981461	220	512	519.114749803511	0.294068117786396	0.192532766788819	0.862371899563416	0.864069616443143	0.225349783046561	0.0374328385306168	-0.0701644192985674	1.69749537137387	TRUE
set20TCH1035	M9+polygalacturonate	8/18/2025 Par6119_set20	11	2411220	387	1484681	0.923845685773397	0.938250481695568	1470710	164	512	385.30521351847	0.313631607244243	0.199028157841843	0.860719428897909	0.864069616443143	0.292217268212993	0.00225926489385203	-0.0641509453173857	1.67402066454986	TRUE
set20TCH1036	M9+fructose	8/18/2025 Par6119_set20	12	3246494	514	1997153	0.954095168553	0.962019267822736	1979480	221	512	518.595755829185	0.263931540578474	0.180333874729359	0.865769151126459	0.864069616443143	0.28861743537415	-0.0133748468367943	-0.06497988980621	1.78963108381893	TRUE
set20TCH1037	M9+fructose	8/18/2025 Par6119_set20	13	3145418	460	1933977	0.950473408786662	0.956362235067437	1915892	218	512	501.936599423631	0.195514522189625	0.19642303051177	0.867357010634629	0.864069616443143	0.177293033927613	0.0558273157472162	-0.0479181181176928	2.90481144720192	TRUE
set20TCH1038	M9+fructose	8/18/2025 Par6119_set20	14	3322002	565	2046838	0.950784958013874	0.962034682080925	2028665	225	512	531.48152999738	0.276103472335338	0.177135172537158	0.876880418354592	0.864069616443143	0.21591149792023	-0.012547419830899	-0.0721900891118716	1.51097675871857	TRUE
set20TCH1039	M9+cellobiose	8/18/2025 Par6119_set20	15	2966300	386	1831113	0.943351588170865	0.947899807321773	1813316	206	512	475.063138590516	0.219694648313673	0.208474149217313	0.874469117916141	0.864069616443143	0.21289554897608	-0.0156114587377776	-0.0588310363596514	3.33105545684229	TRUE
set20TCH1040	M9+cellobiose	8/18/2025 Par6119_set20	16	2856092	474	1762136	0.933829864914202	0.940315992292871	1744928	197	512	457.146450091695	0.236820178231346	0.213008610967261	0.86643071585768	0.864069616443143	0.265848430305784	0.00386426662084753	-0.0532201568997554	3.43259932914194	TRUE
set20TCH1041	M9+cellobiose	8/18/2025 Par6119_set20	17	2975475	378	1833596	0.945717415115006	0.950936416184971	1816135	208	512	475.801676709458	0.256400358171446	0.196111499849408	0.85469467490689	0.864069616443143	0.20031481668835	0.0653400554178904	-0.0542208451384519	3.14466088679508	TRUE
set20TCH1042	M9+galactose	8/18/2025 Par6119_set20	18	2887088	407	1780190	0.938288913228672	0.945664739884393	1763293	199	512	461.957820277705	0.244887687164017	0.203399226341224	0.889010171091939	0.864069616443143	0.238726964179028	-0.0608482774993068	-0.047723656824986	3.13990146789594	TRUE
set20TCH1043	M9+galactose	8/18/2025 Par6119_set20	19	2984997	436	1842621	0.94333698430084	0.949179190751445	1824825	204	512	478.078333769976	0.260003722890238	0.190924440834158	0.853470431938234	0.864069616443143	0.22539488036008	0.00523487192274117	-0.0538263594652111	2.83382244901301	TRUE
set20TCH1044	M9+galactose	8/18/2025 Par6119_set20	20	2948815	430	1816064	0.937899476694657	0.944816955684008	1798684	204	512	471.229761592874	0.236042427712609	0.208065987038222	0.874469117916141	0.864069616443143	0.18649996076705	0.00125724689098872	-0.0490310306242986	2.89111069864844	TRUE
set20TCH1045	M9+xylose	8/18/2025 Par6119_set20	21	2852163	424	1761030	0.935757575757576	0.942982658959538	1743916	194	512	456.881320408698	0.256526985360235	0.194810879266442	0.858752719802602	0.864069616443143	0.204566148976669	0.0589174617438138	-0.0605106700078557	3.24522977706651	TRUE
set20TCH1046	M9+xylose	8/18/2025 Par6119_set20	22	2868500	371	1768953	0.935718632104174	0.943707129094412	1751825	197	512	458.953366518208	0.287152961436307	0.197132131354174	0.862496476250065	0.864069616443143	0.225720470379409	0.0232772950599992	-0.0457255067763309	3.51423045315051	TRUE
set20TCH1047	M9+xylose	8/18/2025 Par6119_set20	23	2107347	271	1300791	0.907854448095412	0.918766859344894	1289012	145	512	337.702908042966	0.219157546117609	0.206996727802486	0.878141513973222	0.864069616443143	0.185336122663683	0.0185024131839919	-0.0649614236070982	2.84186677058989	TRUE
set20TCH1048	M9+mannose	8/18/2025 Par6119_set20	24	2486518	378	1535745	0.919060484361689	0.928200385356455	1521047	169	512	398.492795389049	0.244890089942188	0.217930449978499	0.874469117916141	0.864069616443143	0.200869733328815	0.0258687961200408	-0.0526034039607623	4.05966592376454	TRUE
set20TCH1049	M9+mannose	8/18/2025 Par6119_set20	25	2036319	358	1255127	0.891804794937325	0.90045472061657	1243327	139	512	325.734084359445	0.188967976944234	0.232891353611684	0.88835464417109	0.864069616443143	0.178383971382344	0.0267590318687957	-0.0560817439348009	3.4521547629739	TRUE
set20TCH1050	M9+mannose	8/18/2025 Par6119_set20	26	2374728	358	1463691	0.913584033102105	0.921618497109827	1449685	164	512	379.796960964108	0.197001322793731	0.21788585969192	0.873318196541275	0.864069616443143	0.193057524483781	-0.00691565865823357	-0.0455129571209223	3.47885751437387	TRUE
set20TCH1051	M9+glycerol	8/18/2025 Par6119_set20	27	3308881	489	2025020	0.95343799440185	0.963468208092486	2007354	227	512	525.898349489128	0.20643658559384	0.181896223868655	0.875189385095748	0.864069616443143	0.208056409116684	0.0221018893920013	-0.0592846025864534	1.06919539928794	TRUE
set20TCH1052	M9+glycerol	8/18/2025 Par6119_set20	28	3112458	480	1908341	0.94898868200073	0.957780346820809	1891834	214	512	495.633743777836	0.238337650730035	0.190336886744689	0.866733469136536	0.864069616443143	0.257689486445771	0.0554769189548196	-0.0624893088090718	1.43840809273585	TRUE
set20TCH1053	M9+glycerol	8/18/2025 Par6119_set20	29	3335841	515	2045767	0.955857368869417	0.962666666666667	2027387	229	512	531.146712077548	0.218077232011111	0.181707246607106	0.85763998779164	0.864069616443143	0.188961159542566	0.0378067186422381	-0.0466648796168749	1.28909163784073	TRUE
set21TCH1131	Time0	4/14/2026 Par6119_set21	30	3961782	521	2424906	0.987192405987587	0.988100192678227	2410720	278	277	631.574534975111	0.0121663975485707	0.15881360394993	0.860661077366228	0.858312572941015	-0.0334741618486865	-0.0352089675098331	0.00178496023060205	1.04463385539495	FALSE
set21TCH1132	Time0	4/14/2026 Par6119_set21	31	3981754	500	2436201	0.98674455397347	0.988470134874759	2422007	277	278	634.531569295258	0.0121663975485707	0.15881360394993	0.858312572941015	0.860661077366228	-0.0334741618486865	-0.0352089675098331	-0.00178496023060206	1.35534875210089	FALSE
set21TCH1133	Tuber-Atlantic	4/14/2026 Par6119_set21	32	6622936	871	3778120	0.928046732384082	0.941225433526012	3744209	395	554	980.929787791459	0.280538933938944	0.291439485973586	1	0.854245251263545	0.248713686038878	-0.00344624122632821	0.0541572638380043	2.76221204282154	TRUE
set21TCH1134	Tuber-Atlantic	4/14/2026 Par6119_set21	33	3760536	385	2316008	0.748336375806255	0.765333333333333	2293276	209	554	600.805868483102	0.213987493995563	0.408016034139502	1.10408623539964	0.854245251263545	0.180470390299481	-0.00257312299467766	0.0237784517715252	7.5629698330171	TRUE
set21TCH1135	Tuber-Atlantic	4/14/2026 Par6119_set21	34	6782575	753	4184955	0.922930509918462	0.93678612716763	4153382	383	554	1088.12732512444	0.190198709316821	0.383767512533437	1.16744948647963	0.854245251263545	0.220817559356019	0.0321557282489853	-8.6959268170024e-05	3.43606780700281	TRUE
set21TCH1136	Tuber-Atlantic	4/14/2026 Par6119_set21	35	6603740	1298	4034908	0.869305099184617	0.888123314065511	4001805	439	554	1048.41629552004	0.272874747026491	0.396753745893231	1.03652847804656	0.854245251263545	0.263555945234795	0.125415671909149	0.0684143520378276	3.51712545214145	TRUE
set21TCH1137	Tuber-Atlantic	4/14/2026 Par6119_set21	36	7076477	731	2884192	0.92366070341974	0.938111753371869	2860473	318	554	749.403458213256	0.260873688451038	0.291207561952276	0.932599498314944	0.854245251263545	0.307630180126947	0.0442731807561739	0.0563219605633193	2.3932077391603	TRUE
set21TCH1138	Tuber-Atlantic	4/14/2026 Par6119_set21	37	6693948	720	3823459	0.938965559206523	0.950581888246628	3792736	307	554	993.643175268536	0.259860018861709	0.28942224850558	1.07063640702395	0.854245251263545	0.253269413005124	0.000678075704266399	-0.0207178406578013	3.30627077234887	TRUE
