name	short	t0set	num	nMapped	nPastEnd	nGenic	fUsedStrainsSeen	fNGSeen	nUsed	gMed	gMedt0	gMean	cor12	mad12	mad12c	mad12c_t0	opcor	adjcor	gccor	maxFit	u
set18TCH839	Time0	11/21/2024 Pbr123_set18	1	2438367	6776	1431152	0.978387387448424	0.978593541124323	1367763	264	213	380.462586926287	-0.0167893244554917	0.193817533121535	0.894113007808343	0.890770930245242	-0.0108268202660263	0.0406883213124053	-0.00532597320173597	0.911801317178023	FALSE
set18TCH840	Time0	11/21/2024 Pbr123_set18	2	1972491	5453	1158040	0.958448227969024	0.958629423766974	1106866	213	264	307.890403337969	-0.0167893244554917	0.193817533121535	0.890770930245242	0.894113007808343	-0.0108268202660263	0.0406883213124053	0.00532597320173598	1.04788305620947	FALSE
set18TCH841	LB	11/21/2024 Pbr123_set18	3	2102192	7028	1236872	0.91197772342631	0.918965032012946	1162272	236	475	323.302364394993	0.219034929564904	0.189422992432274	0.925999418556223	0.887858863892785	0.167212113970062	0.018472781425799	0.0789084292375339	1.04892725755908	TRUE
set18TCH842	LB	11/21/2024 Pbr123_set18	4	2363498	7897	1390967	0.923603818454055	0.929307676071202	1306211	261	475	363.341029207232	0.226116405580613	0.185748567914646	0.917992194426485	0.887858863892785	0.180169861793891	-0.0186527335081966	0.0713344414764182	1.24931407033446	TRUE
set18TCH843	LB	11/21/2024 Pbr123_set18	5	2446098	8297	1436718	0.929742071423248	0.93593892914937	1349182	270	475	375.294019471488	0.243209273144861	0.182180132556834	0.912537158749661	0.887858863892785	0.149587080809565	0.0149108545103998	0.0618210426810924	1.35572049818943	TRUE
set18TCH844	M9+glucose	11/21/2024 Pbr123_set18	6	2509369	8221	1474393	0.915961490253999	0.930662069935974	1381679	275	475	384.333518776078	0.269013288352481	0.182486784551494	0.917537839808027	0.887858863892785	0.324033847104943	0.0530879540126806	0.0352349930333613	1.45158336112983	TRUE
set18TCH845	M9+glucose	11/21/2024 Pbr123_set18	7	1830765	6233	1077201	0.880459894714734	0.896045873496095	1008848	200	475	280.625312934631	0.276473241996342	0.201765283509463	0.914056741112201	0.887858863892785	0.311425706098847	-0.0245347704824443	0.0204228671746291	1.34876107889179	TRUE
set18TCH846	M9+glucose	11/21/2024 Pbr123_set18	8	2420985	7949	1422503	0.911029207514956	0.926422993034546	1331743	263	475	370.443115438108	0.283929489864089	0.189705531014462	0.913562111169529	0.887858863892785	0.302103173380658	0.0338169376276728	0.0226292964436366	1.15339965288474	TRUE
set18TCH847	M9+polygalacturonate	11/21/2024 Pbr123_set18	9	2956008	9443	1728952	0.920141735377611	0.938454232041089	1622160	318	475	451.226703755216	0.354047143849272	0.183910964456605	0.910143721606738	0.887858863892785	0.411134227738863	0.103427315033692	-0.0106340135034939	1.57337570890996	TRUE
set18TCH848	M9+polygalacturonate	11/21/2024 Pbr123_set18	10	2895219	8682	1694947	0.921069925948008	0.93899950749314	1590984	313	475	442.554659248957	0.323551587122747	0.178825481798402	0.924199879111936	0.887858863892785	0.327620202890469	0.0157534767688408	-0.00875489680064254	1.70359428917883	TRUE
set18TCH849	M9+polygalacturonate	11/21/2024 Pbr123_set18	11	1956914	6095	1147734	0.88293958631156	0.902114261591501	1077225	212	475	299.645340751043	0.322664299880507	0.200944776847757	0.895839995129575	0.887858863892785	0.355806428669298	0.0395945740193002	-0.00378876312007412	1.33916151368989	TRUE
set18TCH850	M9+fructose	11/21/2024 Pbr123_set18	12	2195031	7071	1292229	0.899233734645899	0.917223668472525	1211605	235	475	337.025034770515	0.279379094750561	0.194408927983212	0.912240011901851	0.887858863892785	0.280360033674538	0.0516880310693603	0.0173362753456486	1.27897808422932	TRUE
set18TCH851	M9+fructose	11/21/2024 Pbr123_set18	13	2923422	9288	1719159	0.924423607206011	0.940283543235066	1612292	316	475	448.481780250348	0.266810663197179	0.191427639640298	0.89051405631857	0.887858863892785	0.282862013872182	0.0438724742225301	0.0221770720627393	1.36359602853692	TRUE
set18TCH852	M9+fructose	11/21/2024 Pbr123_set18	14	2811225	8706	1653921	0.919545525376188	0.937627524097657	1550134	305	475	431.191655076495	0.283276841194016	0.191106093765726	0.916048335353682	0.887858863892785	0.294887701796003	0.0421213073131678	0.0271137888913531	1.2163105848157	TRUE
set18TCH853	M9+cellobiose	11/21/2024 Pbr123_set18	15	3181366	10043	1881561	0.930744788243823	0.943361711109548	1762152	345	475	490.167454798331	0.302322222983133	0.184778280810277	0.917537839808027	0.887858863892785	0.302770517124686	-0.0371851563520149	0.00370713413639745	1.67301807889726	TRUE
set18TCH854	M9+cellobiose	11/21/2024 Pbr123_set18	16	2848238	8737	1682273	0.92308213470281	0.935850981495814	1575971	306	475	438.378581363004	0.300563896989545	0.188736950283853	0.917362478795751	0.887858863892785	0.311534831545701	-0.00280328560512535	0.0188751992562489	1.55384326934989	TRUE
set18TCH855	M9+cellobiose	11/21/2024 Pbr123_set18	17	3013384	9763	1779527	0.926950724598405	0.940899176809963	1667040	325	475	463.710709318498	0.302019250067052	0.18542084175871	0.89976557396912	0.887858863892785	0.308638491908061	0.00976318258508055	0.0126483834901322	1.45936483534143	TRUE
set18TCH856	M9+galactose	11/21/2024 Pbr123_set18	18	3028353	10352	1778785	0.924416832092358	0.941321325547034	1668170	324	475	464.025034770515	0.306177494358756	0.182843590008486	0.932689492391593	0.887858863892785	0.337624573940978	0.0177724519579095	0.00745576112346592	1.61495130738649	TRUE
set18TCH857	M9+galactose	11/21/2024 Pbr123_set18	19	2313910	7889	1360028	0.902858420450003	0.920196299162738	1274303	249	475	354.465368567455	0.308935108067007	0.196187410163536	0.921997487998727	0.887858863892785	0.310919859774521	0.0133149923216211	0.00731029795955487	1.27849298870801	TRUE
set18TCH858	M9+galactose	11/21/2024 Pbr123_set18	20	2826668	9828	1663025	0.920914098334	0.936835995215648	1557800	306	475	433.324061196106	0.319777032397452	0.192239608863499	0.925043774037962	0.887858863892785	0.3494320234105	-0.0225299294253005	0.017433041763126	1.48315938219537	TRUE
set18TCH859	M9+xylose	11/21/2024 Pbr123_set18	21	2948042	9809	1733672	0.927275930053727	0.941901780060508	1623066	322	475	451.478720445063	0.282616217827863	0.181891921142663	0.896738458690245	0.887858863892785	0.281947959833236	0.0411026603962015	-0.061417480594629	1.15995174859899	TRUE
set18TCH860	M9+xylose	11/21/2024 Pbr123_set18	22	2632538	8538	1547967	0.920629543560593	0.92927249700978	1450017	290	475	403.342698191933	0.275921516858201	0.190834437274586	0.915359457561558	0.887858863892785	0.276209444531813	-0.0109349940979135	-0.0647038084825422	1.30380782679388	TRUE
set18TCH861	M9+xylose	11/21/2024 Pbr123_set18	23	2606868	8753	1533560	0.918563133896571	0.931260113980159	1436868	285	475	399.68511821975	0.273329604227517	0.190726532345085	0.906890595608519	0.887858863892785	0.264884157480071	0.0363266993080031	-0.0548543822509843	1.0956136050388	TRUE
set18TCH862	M9+mannose	11/21/2024 Pbr123_set18	24	2537140	10009	1497074	0.915040074797255	0.926053612889608	1401369	279	475	389.81057023644	0.283773844600137	0.191719437434492	0.899324377263274	0.887858863892785	0.297250674121466	0.0592876595457346	-0.0317549848501632	2.38271361855785	TRUE
set18TCH863	M9+mannose	11/21/2024 Pbr123_set18	25	2131925	8948	1255001	0.897946463051918	0.908569619362555	1175118	234	475	326.875660639777	0.269220617877018	0.199568522304262	0.915276021378427	0.887858863892785	0.258009859399146	0.0747262643269872	-0.0499121935204802	2.32177177402247	TRUE
set18TCH864	M9+mannose	11/21/2024 Pbr123_set18	26	2055277	7409	1210238	0.895663249751015	0.90637092802364	1133545	225	475	315.311543810848	0.269512500135978	0.193977341315189	0.905603966724177	0.887858863892785	0.262548245114205	-0.0140118843279139	-0.0551428115406715	2.36956987497054	TRUE
set18TCH865	M9+glycerol	11/21/2024 Pbr123_set18	27	2530375	7599	1485239	0.91499942411534	0.930662069935974	1394519	273	475	387.905146036161	0.278663163266468	0.190663646650305	0.934540167909262	0.887858863892785	0.308660187347364	0.0134673443444171	-0.0260639498289573	1.39938356871665	TRUE
set18TCH866	M9+glycerol	11/21/2024 Pbr123_set18	28	2437060	7580	1431261	0.912783961950962	0.926845141771618	1341984	264	475	373.291794158554	0.264981458043857	0.187317203298967	0.906254625329382	0.887858863892785	0.290638225906458	0.0237172582906946	-0.0417221555234653	1.53785993414412	TRUE
set18TCH867	M9+glycerol	11/21/2024 Pbr123_set18	29	2355503	6962	1385886	0.910602375354847	0.922764370646591	1300237	258	475	361.679276773296	0.280088920810382	0.184662102754632	0.901100155067109	0.887858863892785	0.230437260570374	0.00104715833630424	-0.0450635202561954	1.5503383680138	TRUE
set18TCH868	M9+myo-inositol	11/21/2024 Pbr123_set18	30	1927317	6274	1128718	0.87793277732234	0.893231548582284	1055648	210	475	293.643393602225	0.338597939255966	0.209738348918438	0.906281606530182	0.887858863892785	0.271142710272856	-0.0129809825073657	-0.0508929651283541	1.71579154614857	TRUE
set18TCH869	M9+myo-inositol	11/21/2024 Pbr123_set18	31	1461932	4686	856750	0.83779022893109	0.854200379933863	802781	160	475	223.304867872044	0.33249586527106	0.225602490207161	0.919679728180255	0.887858863892785	0.258868469267484	0.0221319619415477	-0.0572484260965518	1.89904242624822	TRUE
set18TCH870	M9+myo-inositol	11/21/2024 Pbr123_set18	32	1856202	5991	1085222	0.867519427638399	0.883082389361852	1017297	202	475	282.975521557719	0.348260899453638	0.21740808526092	0.929610672108602	0.887858863892785	0.371879754103778	-0.0353863315329747	-0.0605748889997787	1.80733037137904	TRUE
set19TCH976	Time0	4/2/2025 Pbr123_set19	33	1508226	4276	882790	0.921266404243931	0.924769577147682	845707	162	201	235.245340751043	0.00875248632654009	0.200165613196555	0.912537158749661	0.917368767377757	-0.0137948399451029	0.0373344653419654	-0.00242466289206762	1.27073642128258	FALSE
set19TCH977	Time0	4/2/2025 Pbr123_set19	34	1866871	5354	1094677	0.950385842722512	0.951136283683951	1048248	201	162	291.584979137691	0.00875248632654009	0.200165613196555	0.917368767377757	0.912537158749661	-0.0137948399451029	0.0373344653419654	0.0024246628920676	1.42130219435976	FALSE
set19TCH978	LB	4/2/2025 Pbr123_set19	35	1637254	5787	963247	0.884403010860507	0.890769014282699	910587	179	362	253.292628650904	0.184011242100905	0.196455092519884	0.928549086162117	0.906715660485644	0.227872368756802	0.00210611156007063	0.032759162741421	1.06039365064896	TRUE
set19TCH979	LB	4/2/2025 Pbr123_set19	36	1773758	6045	1041016	0.895324494068388	0.901252374586646	983758	196	362	273.646175243394	0.186053741988598	0.200762017171528	0.91596867802101	0.906715660485644	0.265515947259091	0.0408397267910764	0.0517185782597822	1.02536083465877	TRUE
set19TCH980	LB at 36C	4/2/2025 Pbr123_set19	37	1487731	5012	874595	0.868474718663406	0.874780130866109	825855	165	362	229.723226703755	0.214770891575703	0.198973422015499	0.9279671195953	0.906715660485644	0.204251312831735	0.0988412922956119	0.0268751512961078	1.09381285246715	TRUE
set19TCH981	LB at 36C	4/2/2025 Pbr123_set19	38	1889310	6558	1111334	0.901415321242014	0.906054316470837	1049326	209	362	291.884840055633	0.180280893405903	0.197259931285249	0.935869662580284	0.906715660485644	0.23144504996853	0.0241155887913457	0.0215400610975653	1.08197140516261	TRUE
set19TCH982	LB at 36C	4/2/2025 Pbr123_set19	39	1642081	5804	966876	0.881550688012791	0.888623091535918	913280	183	362	254.041724617524	0.216001743051383	0.200495029426354	0.926289174543427	0.906715660485644	0.260276510231611	0.0580495300972204	0.0272518208156439	1.37630827328739	TRUE
set19TCH983	Tuber-Atlantic	4/2/2025 Pbr123_set19	40	1690754	5175	1005752	0.701075210536657	0.718497150496025	952845	152	362	265.047287899861	0.201344099246961	0.438046123939399	1.20469546806885	0.906715660485644	0.264540104891604	0.00985937087825383	0.0457674646679545	2.33864599006682	TRUE
set19TCH984	Tuber-Atlantic	4/2/2025 Pbr123_set19	41	1902371	8487	1127200	0.741407462110177	0.754907479068458	1064781	190	362	296.183866481224	0.202027185880299	0.424545202495883	1.13896790032521	0.906715660485644	0.223137820566107	0.0711182268266136	0.0354634186228273	2.0441494919057	TRUE
set19TCH985	Tuber-Atlantic	4/2/2025 Pbr123_set19	42	1972540	6705	1145701	0.79804741224534	0.816453247027369	1082590	198	362	301.13769123783	0.228197091803264	0.351811142573468	1.05860231552167	0.906715660485644	0.167642192869391	0.0876160608363939	0.0603750702123397	2.41658436797284	TRUE
set19TCH986	Tuber-Atlantic	4/2/2025 Pbr123_set19	43	1787760	6964	1057943	0.729069980148917	0.742383733201998	1004825	162	362	279.506258692629	0.185939644776925	0.402538348976505	1.15200309344505	0.906715660485644	0.201384529008224	0.00758810776511565	0.0337496995894671	4.03619910197893	TRUE
set19TCH987	Tuber-Atlantic	4/2/2025 Pbr123_set19	44	1710430	15002	1021002	0.592890195733033	0.598642088229086	972437	134	362	270.497079276773	0.18123996586747	0.522437893965621	1.30739181679819	0.906715660485644	0.221681478931792	0.0381208323387785	0.0420797727724924	2.62054936478446	FALSE
set19TCH988	Tuber-Atlantic	4/2/2025 Pbr123_set19	45	1703197	8164	969823	0.720533336946727	0.733377893477802	918170	152	362	255.401947148818	0.181620103588829	0.405779486547046	1.16992500144231	0.906715660485644	0.206694236083622	0.0897409655314663	0.0281515287077566	2.05752446501443	TRUE
