name	short	t0set	num	nMapped	nPastEnd	nGenic	fUsedStrainsSeen	fNGSeen	nUsed	gMed	gMedt0	gMean	cor12	mad12	mad12c	mad12c_t0	opcor	adjcor	gccor	maxFit	u
set17TCH781	Time0	11/21/2024 Pbr1692_set17	1	2374734	902	1397059	0.985816525699414	0.987014844263936	1383241	240	235	388.878549339331	0.0195781071267507	0.190493688121326	1	1.01748742672884	-0.029620187677951	0.0202062759306193	0.0286446904430535	1.5661882105485	FALSE
set17TCH782	Time0	11/21/2024 Pbr1692_set17	2	2337304	905	1375657	0.98499240945565	0.985670566026943	1361798	235	240	382.850154624684	0.0195781071267507	0.190493688121326	1.01748742672884	1	-0.029620187677951	0.0202062759306193	-0.0286446904430535	1.11700429575518	FALSE
set17TCH783	LB	11/21/2024 Pbr1692_set17	3	2386629	1036	1402013	0.963456950769898	0.966822069044418	1382223	245	477	388.59235310655	0.202529927422223	0.191859358790508	1.01873656258159	1.01122725542325	0.190605523526554	0.0466905737716917	-0.0031804450002937	1.02937176213076	TRUE
set17TCH784	LB	11/21/2024 Pbr1692_set17	4	2331668	1025	1368949	0.961374972890913	0.965105969167406	1349359	241	477	379.353106550464	0.188124126248854	0.197171026924189	1.02748073642211	1.01122725542325	0.0989914103007729	0.0200744802726586	0.00410587364339369	0.978637300486596	TRUE
set17TCH785	LB	11/21/2024 Pbr1692_set17	5	2249058	970	1322990	0.960756885708089	0.963304064296542	1304087	234	477	366.625527129604	0.17131687297375	0.204578862848138	1.0280143761696	1.01122725542325	0.155514059150712	0.0107251588364986	0.0162269383665999	1.05678330496495	TRUE
set17TCH786	M9+glucose	11/21/2024 Pbr1692_set17	6	1644914	677	968721	0.927944046844502	0.938849641049109	950934	166	477	267.341579983132	0.27056828759164	0.223814045225494	1.01407518521172	1.01122725542325	0.259966963267148	0.0224797767774183	-0.0836142750682075	2.78059803639099	TRUE
set17TCH787	M9+glucose	11/21/2024 Pbr1692_set17	7	2113256	757	1246318	0.948785512903925	0.957326316391614	1224243	214	477	344.178521225752	0.293375709229137	0.208527468830432	1.00587656633667	1.01122725542325	0.217044062028799	0.0354987979248448	-0.0971509241689384	2.7805886222666	TRUE
set17TCH788	M9+glucose	11/21/2024 Pbr1692_set17	8	2635425	878	1551704	0.958750813272609	0.968852787232217	1524742	264	477	428.659544560022	0.27741908842074	0.19476635378224	1.00534662146548	1.01122725542325	0.295548699629644	0.0738454954916799	-0.0919796838401777	2.13354719720582	TRUE
set17TCH789	M9+polygalacturonate	11/21/2024 Pbr1692_set17	9	2689103	1099	1578539	0.95341574495771	0.967508508995224	1554329	269	477	436.977509136913	0.335819837971338	0.182136593190744	1	1.01122725542325	0.289677888753677	0.0713326659306352	-0.0784915675311032	1.61012041372755	TRUE
set17TCH790	M9+polygalacturonate	11/21/2024 Pbr1692_set17	10	2623647	1063	1540691	0.953350683148992	0.966107027428996	1516958	262	477	426.47118358167	0.316273597062848	0.196506600317027	1.0163018123291	1.01122725542325	0.298164301684563	0.116675965473402	-0.0703390116591247	1.69706560145183	TRUE
set17TCH791	M9+polygalacturonate	11/21/2024 Pbr1692_set17	11	2747069	1061	1613377	0.955660377358491	0.96707948402597	1588509	276	477	446.586730390779	0.296669735900785	0.195196155446952	1.03808350173148	1.01122725542325	0.312987264062494	0.111222287421358	-0.0719613747552166	1.55866606544184	TRUE
set17TCH792	M9+fructose	11/21/2024 Pbr1692_set17	12	2472990	955	1461188	0.95667967902841	0.96479135085662	1434756	246	477	403.361259488333	0.275867350507458	0.208090847382405	1.04439411935845	1.01122725542325	0.28972237339043	0.114853672449469	-0.0843586898923119	1.99094422043193	TRUE
set17TCH793	M9+fructose	11/21/2024 Pbr1692_set17	13	2710318	1072	1601902	0.961103882021254	0.970540285444613	1571283	271	477	441.743885296598	0.280424137363776	0.198061896766397	1	1.01122725542325	0.238019006743091	0.0432463633343663	-0.0708743680126983	1.91104989971655	TRUE
set17TCH794	M9+fructose	11/21/2024 Pbr1692_set17	14	2459144	905	1455833	0.955508566471481	0.96341847095501	1428233	245	477	401.527410739387	0.289227059506104	0.211021140133739	1.04455543148932	1.01122725542325	0.253506557412517	0.0542459700194947	-0.067014451805053	2.74411109719114	TRUE
set17TCH795	M9+cellobiose	11/21/2024 Pbr1692_set17	15	2548258	953	1504407	0.95542181739319	0.964962960844321	1477223	256	477	415.30025302221	0.246045551192767	0.217400084528763	1.0121747139461	1.01122725542325	0.286647501570338	0.0528541422319847	-0.0865420265800079	2.38110818359075	TRUE
set17TCH796	M9+cellobiose	11/21/2024 Pbr1692_set17	16	2400796	849	1421345	0.94206245933637	0.949060435317335	1396702	238	477	392.662918189486	0.282479308528282	0.216970824330729	1.03476541816068	1.01122725542325	0.26676449169703	0.0127956751866252	-0.0749509472729937	3.80636307498149	TRUE
set17TCH797	M9+cellobiose	11/21/2024 Pbr1692_set17	17	2460502	891	1450746	0.954456733897202	0.964819952521237	1423967	247	477	400.32808546528	0.323339877089992	0.197134924393191	1	1.01122725542325	0.275205933679236	0.0754775963308095	-0.0680072169762876	2.16250807160195	TRUE
set17TCH798	M9+galactose	11/21/2024 Pbr1692_set17	18	2576839	1020	1519947	0.956517024506615	0.965220375825873	1493030	261	477	419.744166432387	0.301866741917692	0.198342353336882	0.996560916033229	1.01122725542325	0.281465986169325	0.00863897137998791	-0.0698431678940432	1.77510421433669	TRUE
set17TCH799	M9+galactose	11/21/2024 Pbr1692_set17	19	2558741	1057	1504353	0.957113424419866	0.969911048823041	1479604	258	477	415.969637334833	0.280104098190504	0.194286289754965	1.0383281186591	1.01122725542325	0.297888116647006	0.0734031346885277	-0.0572987784090874	1.48768148139543	TRUE
set17TCH800	M9+galactose	11/21/2024 Pbr1692_set17	20	2774001	1157	1629679	0.959358056820646	0.971341132053886	1603148	279	477	450.702277199888	0.290880827008905	0.183864553321073	1.02561753417927	1.01122725542325	0.246649499762658	0.0526034379640877	-0.0508948935992992	1.42966403495065	TRUE
set17TCH801	M9+xylose	11/21/2024 Pbr1692_set17	21	2709978	1186	1592340	0.961461721969204	0.972227783657009	1563811	273	477	439.643238684284	0.224569673133564	0.197578679465775	1.00314141668136	1.01122725542325	0.239164023143342	-0.00635012253363722	-0.0561675806426114	1.31760003147375	TRUE
set17TCH802	M9+xylose	11/21/2024 Pbr1692_set17	22	2692959	1139	1580928	0.961309911082195	0.972427995309327	1553676	273	477	436.793927466967	0.249943762284318	0.188663618742306	1.00741747156248	1.01122725542325	0.240656158174504	0.0664533683216688	-0.0524513979683077	1.75299939080634	TRUE
set17TCH803	M9+xylose	11/21/2024 Pbr1692_set17	23	2659152	1158	1560667	0.959846020386033	0.97148414037697	1534577	270	477	431.424515040765	0.263769445438108	0.191459412473513	1.02895137369613	1.01122725542325	0.264443073606628	0.0326730784243003	-0.0592631083687322	1.51692438119944	TRUE
set17TCH804	M9+mannose	11/21/2024 Pbr1692_set17	24	4219691	1831	2471950	0.976686185209282	0.985470354374625	2431571	432	477	683.601630587574	0.247112314442506	0.177183832556377	1.02863586796089	1.01122725542325	0.216031246794185	0.0763728492690857	-0.0533043215528164	1.64493302039507	TRUE
set17TCH805	M9+mannose	11/21/2024 Pbr1692_set17	25	2896984	1227	1699376	0.96665582303188	0.977175871635729	1671122	296	477	469.812201293225	0.235998877054933	0.186609877882235	1.01853595143743	1.01122725542325	0.252885711354932	0.0279053637148537	-0.0496842275449672	1.71623875517046	TRUE
set17TCH806	M9+mannose	11/21/2024 Pbr1692_set17	26	2626553	1222	1542386	0.961776187378009	0.972599605297028	1516311	270	477	426.289288726455	0.244442888093662	0.190841840759168	1.0133790298012	1.01122725542325	0.250451882030312	0.0349392249863766	-0.0493720193807839	1.76080476704248	TRUE
set17TCH807	M9+glycerol	11/21/2024 Pbr1692_set17	27	2655488	1062	1559894	0.960778572977662	0.973114435260132	1535125	269	477	431.57857745291	0.302827626233988	0.182827366728751	1.01380579952503	1.01122725542325	0.253460719073494	0.0292717014473717	-0.0570350055628045	1.23292198006435	TRUE
set17TCH808	M9+glycerol	11/21/2024 Pbr1692_set17	28	2754080	1002	1616882	0.962741270873997	0.97414409518634	1591842	278	477	447.523755974135	0.243405414591878	0.190568875954535	1.00993823705612	1.01122725542325	0.206341177748482	0.0815195313173539	-0.0596915715457137	1.24498177969755	TRUE
set17TCH809	M9+glycerol	11/21/2024 Pbr1692_set17	29	2627555	1026	1541182	0.960572543916721	0.972456596973944	1516637	266	477	426.380938993534	0.258630672429221	0.1874136372013	1.00882385038701	1.01122725542325	0.248028919124912	0.0339617153889803	-0.0674631204875682	1.26531948494227	TRUE
set19TCH989	Time0	4/2/2025 Pbr1692_set19	30	1751412	813	1031045	0.965625677727174	0.965964019105912	1021093	174	183	287.065785774529	0.0151660096880745	0.209741084924794	1.00251999197852	1.04026387021373	-0.0114014326665603	-0.000745902212721419	-0.040831763306693	1.38941540973023	FALSE
set19TCH990	Time0	4/2/2025 Pbr1692_set19	31	1849372	840	1088809	0.968672739102147	0.971598547035437	1078556	183	174	303.22069159404	0.0151660096880745	0.209741084924794	1.04026387021373	1.00251999197852	-0.0114014326665603	-0.000745902212721419	0.040831763306693	1.75865676810186	FALSE
set19TCH991	LB	4/2/2025 Pbr1692_set19	32	1842298	810	1082291	0.947202342225114	0.951977805108257	1068484	187	357	300.389091931403	0.190408606257407	0.20146252032609	1.00672586318831	1.01936532486693	0.198684489903619	0.063315886144886	0.0289463621446365	1.33444001621324	TRUE
set19TCH992	LB	4/2/2025 Pbr1692_set19	33	1956545	840	1149409	0.954814573845153	0.958355976317822	1134227	201	357	318.871802080405	0.196153786841264	0.192571869132891	1.03394733192334	1.01936532486693	0.255507989427085	0.0614205395914171	0.0349138756291133	1.51031110500602	TRUE
set19TCH993	LB at 36C	4/2/2025 Pbr1692_set19	34	2216676	931	1296936	0.960203860333984	0.964133512570432	1280352	228	357	359.952769187518	0.228353629842992	0.196336180203776	1.03058831983342	1.01936532486693	0.268120665244785	0.0363475649869748	0.0230135407992318	1.21562549447099	TRUE
set19TCH994	LB at 36C	4/2/2025 Pbr1692_set19	35	2064181	982	1207660	0.953751897636088	0.958670594628607	1192275	210	357	335.191172336238	0.262057615184267	0.200284545591565	1.02974734339405	1.01936532486693	0.248914147149217	0.0446585963815637	0.0252641132054907	1.14080853677178	TRUE
set19TCH996	Tuber-Atlantic	4/2/2025 Pbr1692_set19	36	1287101	559	749048	0.847538494903492	0.862197179875869	739552	120	357	207.91453472027	0.183085464344809	0.370066948232429	1.15200309344505	1.01936532486693	0.187116116818229	0.0339224337568746	0.0112805033654774	2.67339830190801	TRUE
set19TCH997	Tuber-Atlantic	4/2/2025 Pbr1692_set19	37	2020035	455	1181918	0.801659076122316	0.813059520064068	1168154	153	357	328.409895979758	0.141839092610683	0.49603900338303	1.38605843230708	1.01936532486693	0.183204972788586	0.0107533834192822	0.00194987030439228	3.72766047755118	TRUE
set19TCH998	Tuber-Atlantic	4/2/2025 Pbr1692_set19	38	1870276	560	1096899	0.857829104315767	0.870491662614764	1082823	164	357	304.420298003936	0.175990541460895	0.396721505628307	1.15324626029568	1.01936532486693	0.243629489977468	0.0687806647118406	-0.0234498352909265	3.43560002014527	TRUE
set19TCH999	Tuber-Atlantic	4/2/2025 Pbr1692_set19	39	1759407	702	1018964	0.744382997180655	0.752137974430112	1003936	137	357	282.242339049761	0.154486292358699	0.540885471391592	1.35792235375139	1.01936532486693	0.177344441762146	0.104213894633931	0.00549657460229848	3.39642353816052	FALSE
set19TCH1000	Tuber-Atlantic	4/2/2025 Pbr1692_set19	40	1791456	455	1062614	0.764367816091954	0.778451505877642	1049044	138	357	294.923812201293	0.150833455713539	0.58715944015335	1.4093909361377	1.01936532486693	0.183353424642124	0.0545881131213966	-0.0127246790023518	3.07478606042607	FALSE
set19TCH1001	Tuber-Atlantic	4/2/2025 Pbr1692_set19	41	2340685	679	1399893	0.835643027542832	0.848182364213597	1380466	183	357	388.098397526005	0.177376218224969	0.464215185709298	1.28239973070072	1.01936532486693	0.164729438325585	0.0208365976770334	-0.0215051178322544	3.94200983313506	TRUE
