name	short	t0set	num	nMapped	nPastEnd	nGenic	fUsedStrainsSeen	fNGSeen	nUsed	gMed	gMedt0	gMean	cor12	mad12	mad12c	mad12c_t0	opcor	adjcor	gccor	maxFit	u
set21TCH1083	Time0	9/3/2025 PatSCRI1043_set21	1	3123363	9918	1844263	0.986497442933766	0.98805057096248	1831487	327	313.5	471.789541473467	0.007636039906928	0.173306080485998	0.945409303047325	0.959446266030981	0.0190373746713446	-0.031407998203769	-0.0209917286141851	0.959104251025428	FALSE
set21TCH1084	Time0	9/3/2025 PatSCRI1043_set21	2	2992597	9114	1767358	0.98445490831982	0.986378466557912	1755261	313.5	327	452.153786707883	0.007636039906928	0.173306080485998	0.959446266030981	0.945409303047325	0.0190373746713446	-0.031407998203769	0.0209917286141851	1.48868648853007	FALSE
set21TCH1085	LB	9/3/2025 PatSCRI1043_set21	3	2667395	10696	1570260	0.960084819758014	0.965905383360522	1554600	290	639	400.463678516229	0.203775526503395	0.168497352637871	0.95646112668815	0.950627259781287	0.151993970741818	0.0156412417966713	0.0182335212578221	1.7064634810264	TRUE
set21TCH1086	LB	9/3/2025 PatSCRI1043_set21	4	3005640	11718	1768860	0.966040913059748	0.974143556280587	1750930	327	639	451.038124678001	0.225800521797238	0.160483534955431	0.976850532472299	0.950627259781287	0.179909892031239	-0.000928612547591725	0.000458331253413117	2.09119435035394	TRUE
set21TCH1087	LB	9/3/2025 PatSCRI1043_set21	5	2830941	11403	1666929	0.962992703006112	0.969188417618271	1650043	307	639	425.049716640907	0.232248506855515	0.169266128448105	0.964463627132495	0.950627259781287	0.190698199632264	-0.00687170956228904	0.0113376718598953	1.73478034746305	TRUE
set21TCH1088	M9+glucose	9/3/2025 PatSCRI1043_set21	6	2655588	10619	1563531	0.956171261070226	0.963805057096248	1545771	288	639	398.189335394127	0.241582883215546	0.16931687063818	0.964991867328135	0.950627259781287	0.228748954662354	0.00114038598927153	-0.0618636996458016	2.59856751944313	TRUE
set21TCH1089	M9+glucose	9/3/2025 PatSCRI1043_set21	7	2223174	8553	1319186	0.93342272670575	0.940966557911909	1301489	241	639	335.262493560021	0.265319845790959	0.20346381473372	0.937641754859623	0.950627259781287	0.228417111319158	0.00756275264361804	-0.0241503798341175	3.498350166675	TRUE
set21TCH1090	M9+glucose	9/3/2025 PatSCRI1043_set21	8	2255371	8600	1331024	0.941179680678558	0.94836867862969	1314872	246	639	338.709943328181	0.215398423180673	0.198370714210869	0.960910790130236	0.950627259781287	0.201528260536612	0.0582788441344578	-0.0348241776555982	1.81930933360551	TRUE
set21TCH1091	M9+polygalacturonate	9/3/2025 PatSCRI1043_set21	9	3129561	12656	1835013	0.951984844705002	0.967964926590538	1815006	340	639	467.544049459042	0.301734453352889	0.167880435875262	0.957755675364067	0.950627259781287	0.223563904259105	0.0328866048884819	-0.071752430653909	1.04185947018023	TRUE
set21TCH1092	M9+polygalacturonate	9/3/2025 PatSCRI1043_set21	10	3239030	12968	1898787	0.954565298740177	0.972267536704731	1877951	351	639	483.758629572385	0.253693858710498	0.175378781101585	0.954717252816021	0.950627259781287	0.211714142305681	-0.0220619472579906	-0.0763217314328319	1.21756099503349	TRUE
set21TCH1093	M9+polygalacturonate	9/3/2025 PatSCRI1043_set21	11	2878376	11310	1686581	0.947845203941624	0.965538336052202	1668116	310	639	429.705306543019	0.284924493843191	0.171428669077415	0.979950057463372	0.950627259781287	0.261738036866413	0.0381475759914938	-0.0716572377147559	1.70809896315429	TRUE
set21TCH1094	M9+fructose	9/3/2025 PatSCRI1043_set21	12	2623142	10065	1543425	0.954175502058127	0.962296084828711	1525392	284	639	392.93972179289	0.241352670669297	0.181444787065051	0.943730032829809	0.950627259781287	0.210741008625173	0.00935570233720304	-0.0469968824116404	3.06020233951907	TRUE
set21TCH1095	M9+fructose	9/3/2025 PatSCRI1043_set21	13	2440248	9489	1440212	0.937952164151179	0.946329526916803	1423038	269	639	366.57341576507	0.206070417711909	0.204910060988768	0.965729324307931	0.950627259781287	0.200961819830474	-0.0138851102797905	-0.0102495966918201	3.33991738638499	TRUE
set21TCH1096	M9+fructose	9/3/2025 PatSCRI1043_set21	14	2603331	10259	1536473	0.94789197954347	0.955179445350734	1517512	283	639	390.909840288511	0.21841577107914	0.192736865441464	0.958889455875628	0.950627259781287	0.21886177310534	-0.00851694459202343	-0.0551272044415839	3.37092013839916	TRUE
set21TCH1097	M9+cellobiose	9/3/2025 PatSCRI1043_set21	15	2879259	11229	1695614	0.958026693276787	0.966292822185971	1676547	313	639	431.877125193199	0.244951717535383	0.176467420415718	0.966368490996314	0.950627259781287	0.216532617947068	0.0570458078485318	-0.0713608742577789	2.94379901516888	TRUE
set21TCH1098	M9+cellobiose	9/3/2025 PatSCRI1043_set21	16	2942992	11524	1735452	0.947213733316702	0.955057096247961	1715460	318.5	639	441.901081916538	0.222879756471075	0.194858758472958	0.929711411934259	0.950627259781287	0.204938343362	0.0205633801831396	-0.0454817080137901	3.05218506882074	TRUE
set21TCH1099	M9+cellobiose	9/3/2025 PatSCRI1043_set21	17	2138505	8045	1265612	0.913691218660347	0.92318515497553	1250604	234	639	322.15455950541	0.201547881237693	0.223661808738835	0.935581986596234	0.950627259781287	0.209368203492513	0.020766750878391	-0.0109489156045945	3.58564421669346	TRUE
set21TCH1100	M9+galactose	9/3/2025 PatSCRI1043_set21	18	2633080	14715	1560958	0.943767930647374	0.9557911908646	1541985	278	639	397.214064914992	0.252269000883529	0.185527841258243	0.966264280143714	0.950627259781287	0.21986721325209	-0.00961846056952191	-0.0349959651469155	5.84490794459849	TRUE
set21TCH1101	M9+galactose	9/3/2025 PatSCRI1043_set21	19	2817303	14367	1665086	0.949053573655981	0.960073409461664	1645152	301.5	639	423.789799072643	0.264688070915685	0.18686276597249	0.959126406086491	0.950627259781287	0.226001078587894	0.0174769644442127	-0.0475579129561086	4.66624856554772	TRUE
set21TCH1102	M9+galactose	9/3/2025 PatSCRI1043_set21	20	2321878	11000	1369923	0.921635275040539	0.934196574225122	1353913	250	639	348.766872746007	0.206109850606475	0.214641473167277	0.984284740368339	0.950627259781287	0.189521459957728	-0.0133294322737434	-0.0214048234394672	2.95339253354101	TRUE
set21TCH1103	M9+xylose	9/3/2025 PatSCRI1043_set21	21	3135356	12958	1846934	0.95981975801422	0.973674551386623	1826111	341.5	639	470.404688304997	0.262495723690144	0.17312016679427	0.956175824121708	0.950627259781287	0.214701246744741	0.0116635346476013	-0.0768647498550411	2.7224096950657	TRUE
set21TCH1104	M9+xylose	9/3/2025 PatSCRI1043_set21	22	2945409	11945	1736360	0.947252712984907	0.95797308319739	1716056	318	639	442.054611025245	0.244429832336142	0.195970004946014	0.94764448187066	0.950627259781287	0.192054714778	0.0311805928938973	-0.075193647777713	2.7972666754487	TRUE
set21TCH1105	M9+xylose	9/3/2025 PatSCRI1043_set21	23	2605124	10262	1536168	0.947587938131471	0.957748776508972	1518248	282.5	639	391.099433281814	0.229858106546515	0.189132630456831	0.965543179713738	0.950627259781287	0.212097040470272	-0.0300469303548981	-0.0579087757799314	2.70748007285627	TRUE
set21TCH1106	M9+mannose	9/3/2025 PatSCRI1043_set21	24	3836880	15849	2257437	0.971014718722714	0.980159053833605	2232336	418.5	639	575.047913446677	0.226341681314995	0.164292702344828	0.942435074565507	0.950627259781287	0.192860577180988	0.0261122734172142	-0.0553771654400878	2.62129109564127	TRUE
set21TCH1107	M9+mannose	9/3/2025 PatSCRI1043_set21	25	2220176	8578	1312419	0.929010228264937	0.938560358890701	1295775	241.5	639	333.79057187017	0.178091802328591	0.206882524304146	0.95260778752738	0.950627259781287	0.153964497328283	0.0491282829347968	-0.0199354860960522	3.74550612719059	TRUE
set21TCH1108	M9+mannose	9/3/2025 PatSCRI1043_set21	26	3138065	12621	1847232	0.961090495197705	0.971533442088091	1826975	341	639	470.627253992787	0.206022891263543	0.177189278824622	0.963759411446278	0.950627259781287	0.159966598874509	-0.0369691928964288	-0.064960464680372	2.44156717969477	TRUE
set21TCH1109	M9+glycerol	9/3/2025 PatSCRI1043_set21	27	3600267	14982	2114852	0.965393850567544	0.976896411092985	2091074	391	639	538.658938691396	0.2629040939606	0.165529829981954	0.950131707673266	0.950627259781287	0.201095303865107	0.00997462790020837	-0.0887966043245802	2.18402659694256	TRUE
set21TCH1110	M9+glycerol	9/3/2025 PatSCRI1043_set21	28	4074907	16110	2391135	0.970149370088562	0.9817088091354	2365521	442	639	609.356259659969	0.233100703308626	0.16463894376403	0.962227951272859	0.950627259781287	0.181349455878352	0.069402371121443	-0.0676374435554808	1.66544708053959	TRUE
set21TCH1111	M9+glycerol	9/3/2025 PatSCRI1043_set21	29	2308647	9333	1359725	0.941343395285019	0.954057911908646	1343411	253	639	346.061566202988	0.209963361369404	0.190061561556172	0.956931278108114	0.950627259781287	0.158770509159069	0.0017760016477061	-0.0675453801648916	2.98275678699126	TRUE
set21TCH1112	Time0	4/14/2026 PatSCRI1043_set21	30	2617006	8271	1545691	0.97798428339778	0.981015497553018	1534873	273	291	395.382019577537	0.033979806177565	0.167598979374951	0.961219248057636	0.95238197976726	0.0128878676786985	0.0648830865785442	-0.00948651038258691	1.13104216508143	FALSE
set21TCH1113	Time0	4/14/2026 PatSCRI1043_set21	31	2804208	8733	1657087	0.982162903829363	0.98405383360522	1645395	291	273	423.852395672334	0.033979806177565	0.167598979374951	0.95238197976726	0.961219248057636	0.0128878676786985	0.0648830865785442	0.00948651038258691	1.3288637774195	FALSE
set21TCH1114	Tuber-Atlantic	4/14/2026 PatSCRI1043_set21	32	7640413	30665	4470133	0.97960583759511	0.98768352365416	4426243	821.5	564	1140.19654817105	0.261121284213854	0.196751500957789	0.992625425338025	0.949840063558329	0.210144899139748	0.0234067470555385	-0.0247387643867479	1.71870712724479	TRUE
set21TCH1115	Tuber-Atlantic	4/14/2026 PatSCRI1043_set21	33	6328552	24332	3714949	0.970102594486716	0.977671288743883	3677211	683	564	947.246522411128	0.208251072539639	0.230001640609484	0.999024020151096	0.949840063558329	0.156091223933065	0.000205222132822703	-0.0332388035559065	1.16961790526859	TRUE
set21TCH1116	Tuber-Atlantic	4/14/2026 PatSCRI1043_set21	34	5731288	20821	3359813	0.97637052513409	0.985032626427406	3326108	616	564	856.802679031427	0.265832891897311	0.190111092919549	0.959225458375859	0.949840063558329	0.259641831937289	0.0103881926893929	-0.0398136982907136	1.39573733276226	TRUE
set21TCH1117	Tuber-Atlantic	4/14/2026 PatSCRI1043_set21	35	6516044	23928	3814984	0.971537046276662	0.980057096247961	3774114	689	564	972.208655332303	0.217681852124695	0.239909428619449	1.0101599921898	0.949840063558329	0.253185096858413	0.0548456244507884	-0.00941766971469823	2.73451054674863	TRUE
set21TCH1118	Tuber-Atlantic	4/14/2026 PatSCRI1043_set21	36	2713634	11111	1591786	0.914088811276038	0.927569331158238	1575746	293	564	405.910870685214	0.182594197929318	0.27478588866093	1	0.949840063558329	0.142256564229329	0.0173432962341766	-0.0202776904675352	1.75946925670789	TRUE
set21TCH1119	Tuber-Atlantic	4/14/2026 PatSCRI1043_set21	37	6157607	19488	3611332	0.967163527504054	0.975774877650897	3574719	626	564	920.844667697063	0.215310762990366	0.254570284895934	1.00307764118817	0.949840063558329	0.186448477035	0.0338295248668423	-0.00394198867255192	1.55087957907766	TRUE
